

Software Version	2.00.18



Plate Number	Plate 1
Date	14/08/2022
Time	21:41:31
Reader Type:	Synergy
Reader Serial Number:	232563
Reading Type	Reader

Procedure Details

Plate Type	96 WELL PLATE
Read	Absorbance Endpoint
	Full Plate
	Wavelengths:  600
	Read Speed: Normal



Actual Temperature:	27.2

Results
	1	2	3	4	5	6	7	8	9	10	11	12
A	0.075	0.075	0.078	0.078	0.077	0.079	0.079	0.077	0.076	0.075	0.074	0.077	600
B	0.076	0.082	0.082	0.134	0.134	0.132	0.134	0.137	0.143	0.147	0.148	0.077	600
C	0.076	0.084	0.083	0.136	0.131	0.136	0.135	0.135	0.150	0.143	0.147	0.082	600
D	0.077	0.084	0.083	0.131	0.137	0.132	0.138	0.141	0.146	0.147	0.153	0.078	600
E	0.078	0.084	0.086	0.137	0.132	0.137	0.139	0.138	0.146	0.148	0.153	0.080	600
F	0.077	0.082	0.083	0.131	0.133	0.130	0.137	0.136	0.144	0.147	0.150	0.075	600
G	0.077	0.083	0.083	0.132	0.127	0.132	0.138	0.135	0.145	0.143	0.147	0.079	600
H	0.077	0.074	0.076	0.075	0.075	0.075	0.077	0.077	0.076	0.077	0.074	0.076	600



Software Version	2.00.18



Plate Number	Plate 2
Date	14/08/2022
Time	21:43:19
Reader Type:	Synergy
Reader Serial Number:	232563
Reading Type	Reader

Procedure Details

Plate Type	96 WELL PLATE
Read	Absorbance Endpoint
	Full Plate
	Wavelengths:  600
	Read Speed: Normal



Actual Temperature:	27.2

Results
	1	2	3	4	5	6	7	8	9	10	11	12
A	0.085	0.086	0.086	0.086	0.088	0.086	0.087	0.086	0.084	0.084	0.082	0.079	600
B	0.089	0.083	0.083	0.133	0.126	0.140	0.136	0.134	0.148	0.150	0.158	0.077	600
C	0.092	0.083	0.083	0.136	0.141	0.134	0.140	0.142	0.155	0.148	0.155	0.078	600
D	0.092	0.085	0.084	0.143	0.146	0.139	0.148	0.141	0.160	0.160	0.154	0.075	600
E	0.077	0.084	0.083	0.144	0.148	0.142	0.147	0.139	0.156	0.156	0.153	0.087	600
F	0.089	0.083	0.084	0.143	0.146	0.135	0.137	0.136	0.157	0.152	0.155	0.087	600
G	0.090	0.086	0.083	0.139	0.148	0.138	0.137	0.143	0.154	0.155	0.155	0.088	600
H	0.086	0.087	0.092	0.091	0.095	0.089	0.085	0.089	0.086	0.088	0.091	0.082	600



Software Version	2.00.18



Plate Number	Plate 3
Date	14/08/2022
Time	21:46:45
Reader Type:	Synergy
Reader Serial Number:	232563
Reading Type	Reader

Procedure Details

Plate Type	96 WELL PLATE
Read	Absorbance Endpoint
	Full Plate
	Wavelengths:  600
	Read Speed: Normal



Actual Temperature:	27.2

Results
	1	2	3	4	5	6	7	8	9	10	11	12
A	0.076	0.084	0.083	0.080	0.082	0.081	0.080	0.086	0.080	0.080	0.082	0.083	600
B	0.075	0.083	0.082	0.131	0.132	0.139	0.139	0.147	0.153	0.144	0.155	0.090	600
C	0.089	0.084	0.082	0.142	0.144	0.145	0.147	0.146	0.160	0.157	0.161	0.084	600
D	0.088	0.084	0.083	0.139	0.149	0.143	0.147	0.151	0.162	0.156	0.157	0.086	600
E	0.089	0.085	0.083	0.147	0.152	0.148	0.148	0.155	0.163	0.159	0.159	0.090	600
F	0.088	0.085	0.083	0.143	0.143	0.140	0.153	0.148	0.156	0.158	0.156	0.088	600
G	0.080	0.083	0.083	0.142	0.139	0.143	0.143	0.145	0.155	0.155	0.155	0.087	600
H	0.078	0.082	0.090	0.090	0.095	0.093	0.091	0.093	0.086	0.088	0.085	0.083	600



Software Version	2.00.18



Plate Number	Plate 4
Date	14/08/2022
Time	21:48:31
Reader Type:	Synergy
Reader Serial Number:	232563
Reading Type	Reader

Procedure Details

Plate Type	96 WELL PLATE
Read	Absorbance Endpoint
	Full Plate
	Wavelengths:  600
	Read Speed: Normal



Actual Temperature:	27.2

Results
	1	2	3	4	5	6	7	8	9	10	11	12
A	0.075	0.077	0.076	0.075	0.074	0.075	0.075	0.075	0.075	0.076	0.078	0.076	600
B	0.076	0.084	0.083	0.137	0.134	0.132	0.142	0.136	0.142	0.139	0.145	0.075	600
C	0.082	0.082	0.083	0.135	0.132	0.130	0.136	0.136	0.144	0.140	0.144	0.077	600
D	0.075	0.083	0.083	0.133	0.137	0.131	0.132	0.136	0.144	0.141	0.147	0.075	600
E	0.076	0.083	0.083	0.130	0.139	0.137	0.140	0.136	0.144	0.140	0.146	0.079	600
F	0.076	0.083	0.083	0.129	0.136	0.133	0.130	0.135	0.138	0.140	0.144	0.074	600
G	0.076	0.083	0.083	0.130	0.127	0.132	0.134	0.133	0.140	0.138	0.142	0.075	600
H	0.075	0.074	0.073	0.074	0.076	0.076	0.076	0.074	0.074	0.073	0.073	0.075	600



Software Version	2.00.18



Plate Number	Plate 5
Date	14/08/2022
Time	21:50:17
Reader Type:	Synergy
Reader Serial Number:	232563
Reading Type	Reader

Procedure Details

Plate Type	96 WELL PLATE
Read	Absorbance Endpoint
	Full Plate
	Wavelengths:  600
	Read Speed: Normal



Actual Temperature:	27.2

Results
	1	2	3	4	5	6	7	8	9	10	11	12
A	0.076	0.076	0.077	0.076	0.077	0.076	0.076	0.076	0.076	0.075	0.078	0.080	600
B	0.075	0.082	0.082	0.129	0.137	0.140	0.135	0.135	0.140	0.135	0.144	0.075	600
C	0.076	0.083	0.082	0.141	0.139	0.135	0.133	0.136	0.141	0.137	0.143	0.078	600
D	0.076	0.083	0.083	0.129	0.139	0.133	0.138	0.139	0.134	0.139	0.146	0.075	600
E	0.078	0.084	0.084	0.132	0.139	0.135	0.136	0.136	0.141	0.143	0.152	0.076	600
F	0.077	0.083	0.083	0.128	0.139	0.135	0.135	0.135	0.138	0.136	0.139	0.076	600
G	0.076	0.083	0.086	0.133	0.134	0.134	0.133	0.133	0.137	0.132	0.140	0.076	600
H	0.075	0.074	0.075	0.075	0.076	0.075	0.076	0.075	0.075	0.076	0.077	0.079	600



Software Version	2.00.18



Plate Number	Plate 6
Date	15/08/2022
Time	21:07:34
Reader Type:	Synergy
Reader Serial Number:	232563
Reading Type	Reader

Procedure Details

Plate Type	96 WELL PLATE
Read	Absorbance Endpoint
	Full Plate
	Wavelengths:  600
	Read Speed: Normal



Actual Temperature:	24.8

Results
	1	2	3	4	5	6	7	8	9	10	11	12
A	0.080	0.078	0.082	0.081	0.079	0.081	0.080	0.081	0.082	0.083	0.080	0.082	600
B	0.079	0.083	0.083	0.184	0.134	0.182	0.205	0.176	0.221	0.167	0.213	0.078	600
C	0.079	0.083	0.082	0.188	0.131	0.181	0.201	0.178	0.227	0.169	0.211	0.080	600
D	0.078	0.083	0.083	0.183	0.135	0.186	0.206	0.181	0.227	0.175	0.217	0.080	600
E	0.079	0.083	0.083	0.185	0.129	0.177	0.212	0.184	0.226	0.172	0.216	0.084	600
F	0.081	0.083	0.083	0.184	0.129	0.171	0.212	0.182	0.226	0.175	0.215	0.078	600
G	0.079	0.083	0.083	0.192	0.128	0.180	0.215	0.186	0.227	0.166	0.212	0.080	600
H	0.080	0.077	0.078	0.078	0.079	0.079	0.075	0.079	0.078	0.079	0.079	0.081	600



Software Version	2.00.18



Plate Number	Plate 7
Date	15/08/2022
Time	21:09:33
Reader Type:	Synergy
Reader Serial Number:	232563
Reading Type	Reader

Procedure Details

Plate Type	96 WELL PLATE
Read	Absorbance Endpoint
	Full Plate
	Wavelengths:  600
	Read Speed: Normal



Actual Temperature:	24.8

Results
	1	2	3	4	5	6	7	8	9	10	11	12
A	0.161	0.254	0.084	0.084	0.082	0.082	0.081	0.081	0.082	0.080	0.080	0.083	600
B	0.089	0.086	0.083	0.190	0.123	0.188	0.204	0.186	0.223	0.163	0.209	0.081	600
C	0.081	0.083	0.083	0.189	0.138	0.172	0.203	0.183	0.222	0.162	0.212	0.080	600
D	0.080	0.083	0.084	0.189	0.137	0.173	0.209	0.182	0.244	0.159	0.215	0.080	600
E	0.103	0.084	0.084	0.188	0.132	0.169	0.214	0.178	0.224	0.163	0.216	0.083	600
F	0.075	0.083	0.083	0.190	0.134	0.173	0.209	0.187	0.234	0.162	0.215	0.079	600
G	0.076	0.084	0.084	0.191	0.134	0.173	0.206	0.183	0.220	0.163	0.213	0.080	600
H	0.080	0.071	0.079	0.078	0.079	0.079	0.079	0.080	0.079	0.081	0.079	0.081	600



Software Version	2.00.18



Plate Number	Plate 8
Date	15/08/2022
Time	21:12:27
Reader Type:	Synergy
Reader Serial Number:	232563
Reading Type	Reader

Procedure Details

Plate Type	96 WELL PLATE
Read	Absorbance Endpoint
	Full Plate
	Wavelengths:  600
	Read Speed: Normal



Actual Temperature:	24.8

Results
	1	2	3	4	5	6	7	8	9	10	11	12
A	0.080	0.079	0.084	0.079	0.081	0.081	0.081	0.080	0.078	0.081	0.080	0.083	600
B	0.082	0.083	0.083	0.230	0.126	0.229	0.239	0.243	0.266	0.243	0.243	0.082	600
C	0.080	0.084	0.083	0.233	0.134	0.239	0.245	0.243	0.274	0.246	0.250	0.080	600
D	0.080	0.084	0.085	0.233	0.137	0.227	0.244	0.246	0.283	0.239	0.243	0.078	600
E	0.081	0.084	0.083	0.238	0.134	0.227	0.247	0.239	0.280	0.243	0.246	0.080	600
F	0.086	0.083	0.083	0.236	0.128	0.227	0.250	0.247	0.280	0.236	0.247	0.080	600
G	0.083	0.084	0.083	0.234	0.127	0.218	0.257	0.238	0.293	0.239	0.251	0.081	600
H	0.081	0.081	0.079	0.078	0.082	0.084	0.083	0.086	0.079	0.078	0.078	0.078	600



Software Version	2.00.18



Plate Number	Plate 9
Date	15/08/2022
Time	21:14:17
Reader Type:	Synergy
Reader Serial Number:	232563
Reading Type	Reader

Procedure Details

Plate Type	96 WELL PLATE
Read	Absorbance Endpoint
	Full Plate
	Wavelengths:  600
	Read Speed: Normal



Actual Temperature:	24.8

Results
	1	2	3	4	5	6	7	8	9	10	11	12
A	0.077	0.081	0.078	0.079	0.078	0.083	0.079	0.103	0.077	0.076	0.079	0.077	600
B	0.081	0.084	0.083	0.206	0.133	0.205	0.221	0.206	0.226	0.199	0.199	0.078	600
C	0.114	0.083	0.085	0.202	0.132	0.207	0.220	0.205	0.229	0.201	0.202	0.080	600
D	0.080	0.084	0.085	0.210	0.139	0.206	0.212	0.207	0.230	0.204	0.205	0.077	600
E	0.086	0.084	0.085	0.215	0.140	0.220	0.211	0.214	0.235	0.205	0.205	0.080	600
F	0.081	0.084	0.085	0.219	0.135	0.221	0.221	0.204	0.248	0.213	0.203	0.077	600
G	0.079	0.084	0.084	0.222	0.131	0.220	0.215	0.204	0.283	0.214	0.195	0.078	600
H	0.078	0.080	0.079	0.079	0.080	0.080	0.081	0.078	0.078	0.077	0.077	0.076	600



Software Version	2.00.18



Plate Number	Plate 10
Date	15/08/2022
Time	21:18:50
Reader Type:	Synergy
Reader Serial Number:	232563
Reading Type	Reader

Procedure Details

Plate Type	96 WELL PLATE
Read	Absorbance Endpoint
	Full Plate
	Wavelengths:  600
	Read Speed: Normal



Actual Temperature:	24.8

Results
	1	2	3	4	5	6	7	8	9	10	11	12
A	0.166	0.159	0.155	0.081	0.081	0.080	0.079	0.081	0.082	0.080	0.111	0.083	600
B	0.173	0.089	0.083	0.181	0.137	0.182	0.200	0.173	0.211	0.155	0.199	0.079	600
C	0.187	0.083	0.084	0.187	0.139	0.178	0.200	0.171	0.210	0.154	0.200	0.080	600
D	0.095	0.083	0.084	0.178	0.140	0.177	0.200	0.175	0.211	0.154	0.198	0.077	600
E	0.083	0.084	0.085	0.179	0.138	0.179	0.200	0.179	0.210	0.157	0.208	0.079	600
F	0.143	0.083	0.084	0.175	0.140	0.174	0.200	0.175	0.214	0.155	0.201	0.076	600
G	0.084	0.084	0.084	0.186	0.134	0.180	0.206	0.178	0.212	0.151	0.199	0.080	600
H	0.078	0.217	0.079	0.079	0.081	0.080	0.079	0.080	0.078	0.078	0.080	0.085	600



Software Version	2.00.18



Plate Number	Plate 11
Date	16/08/2022
Time	21:27:50
Reader Type:	Synergy
Reader Serial Number:	232563
Reading Type	Reader

Procedure Details

Plate Type	96 WELL PLATE
Read	Absorbance Endpoint
	Full Plate
	Wavelengths:  600
	Read Speed: Normal



Actual Temperature:	24.9

Results
	1	2	3	4	5	6	7	8	9	10	11	12
A	0.215	0.152	0.127	0.112	0.104	0.112	0.099	0.089	0.089	0.096	0.090	0.084	600
B	0.161	0.083	0.083	0.283	0.161	0.280	0.335	0.268	0.398	0.320	0.289	0.094	600
C	0.233	0.091	0.083	0.296	0.176	0.283	0.353	0.269	0.396	0.271	0.294	0.114	600
D	0.082	0.084	0.083	0.279	0.186	0.309	0.362	0.287	0.408	0.291	0.306	0.139	600
E	0.120	0.084	0.084	0.298	0.185	0.298	0.357	0.280	0.405	0.258	0.293	0.141	600
F	0.086	0.084	0.084	0.281	0.172	0.288	0.361	0.265	0.420	0.270	0.288	0.128	600
G	0.083	0.083	0.084	0.281	0.183	0.280	0.375	0.276	0.449	0.255	0.319	0.114	600
H	0.086	0.286	0.147	0.131	0.126	0.115	0.092	0.085	0.084	0.085	0.087	0.081	600



Software Version	2.00.18



Plate Number	Plate 12
Date	16/08/2022
Time	21:25:20
Reader Type:	Synergy
Reader Serial Number:	232563
Reading Type	Reader

Procedure Details

Plate Type	96 WELL PLATE
Read	Absorbance Endpoint
	Full Plate
	Wavelengths:  600
	Read Speed: Normal



Actual Temperature:	25.0

Results
	1	2	3	4	5	6	7	8	9	10	11	12
A	0.188	0.203	0.139	0.121	0.127	0.131	0.131	0.135	0.182	0.149	0.195	0.239	600
B	0.238	0.083	0.083	0.309	0.169	0.313	0.369	0.286	0.454	0.301	0.392	0.202	600
C	0.248	0.084	0.083	0.310	0.180	0.323	0.386	0.296	0.446	0.280	0.387	0.213	600
D	0.084	0.084	0.084	0.301	0.182	0.320	0.371	0.295	0.436	0.277	0.314	0.197	600
E	0.085	0.083	0.084	0.322	0.187	0.320	0.384	0.292	0.454	0.283	0.330	0.184	600
F	0.086	0.084	0.083	0.315	0.189	0.310	0.405	0.316	0.461	0.279	0.332	0.171	600
G	0.080	0.084	0.084	0.312	0.191	0.282	0.417	0.309	0.432	0.266	0.303	0.170	600
H	0.088	0.082	0.101	0.151	0.158	0.143	0.127	0.146	0.134	0.110	0.117	0.162	600



Software Version	2.00.18



Plate Number	Plate 13
Date	16/08/2022
Time	21:30:02
Reader Type:	Synergy
Reader Serial Number:	232563
Reading Type	Reader

Procedure Details

Plate Type	96 WELL PLATE
Read	Absorbance Endpoint
	Full Plate
	Wavelengths:  600
	Read Speed: Normal



Actual Temperature:	24.9

Results
	1	2	3	4	5	6	7	8	9	10	11	12
A	0.083	0.081	0.086	0.083	0.084	0.086	0.081	0.084	0.082	0.084	0.084	0.086	600
B	0.087	0.084	0.083	0.297	0.127	0.371	0.241	0.282	0.266	0.444	0.229	0.086	600
C	0.085	0.085	0.083	0.303	0.135	0.377	0.247	0.283	0.296	0.423	0.231	0.091	600
D	0.084	0.084	0.085	0.308	0.138	0.380	0.250	0.309	0.323	0.442	0.225	0.082	600
E	0.084	0.084	0.084	0.319	0.137	0.387	0.259	0.287	0.329	0.432	0.231	0.085	600
F	0.090	0.083	0.083	0.320	0.128	0.405	0.266	0.280	0.334	0.427	0.238	0.084	600
G	0.085	0.084	0.088	0.359	0.128	0.408	0.282	0.322	0.354	0.437	0.242	0.086	600
H	0.083	0.078	0.083	0.080	0.080	0.088	0.086	0.084	0.080	0.080	0.078	0.080	600



Software Version	2.00.18



Plate Number	Plate 14
Date	16/08/2022
Time	21:32:12
Reader Type:	Synergy
Reader Serial Number:	232563
Reading Type	Reader

Procedure Details

Plate Type	96 WELL PLATE
Read	Absorbance Endpoint
	Full Plate
	Wavelengths:  600
	Read Speed: Normal



Actual Temperature:	24.9

Results
	1	2	3	4	5	6	7	8	9	10	11	12
A	0.077	0.081	0.080	0.080	0.079	0.079	0.081	0.108	0.081	0.082	0.080	0.078	600
B	0.080	0.084	0.083	0.218	0.133	0.217	0.209	0.216	0.235	0.209	0.198	0.079	600
C	0.112	0.084	0.085	0.214	0.132	0.217	0.211	0.209	0.240	0.207	0.201	0.081	600
D	0.081	0.084	0.085	0.220	0.138	0.213	0.204	0.220	0.237	0.210	0.202	0.079	600
E	0.083	0.084	0.085	0.227	0.139	0.224	0.203	0.223	0.242	0.214	0.206	0.083	600
F	0.084	0.084	0.085	0.233	0.134	0.226	0.223	0.205	0.268	0.237	0.198	0.080	600
G	0.083	0.085	0.085	0.240	0.132	0.236	0.209	0.215	0.331	0.245	0.197	0.080	600
H	0.082	0.083	0.081	0.080	0.081	0.081	0.082	0.080	0.080	0.079	0.080	0.078	600



Software Version	2.00.18



Plate Number	Plate 15
Date	16/08/2022
Time	21:34:08
Reader Type:	Synergy
Reader Serial Number:	232563
Reading Type	Reader

Procedure Details

Plate Type	96 WELL PLATE
Read	Absorbance Endpoint
	Full Plate
	Wavelengths:  600
	Read Speed: Normal



Actual Temperature:	24.9

Results
	1	2	3	4	5	6	7	8	9	10	11	12
A	0.293	0.324	0.210	0.185	0.192	0.172	0.160	0.163	0.177	0.181	0.199	0.172	600
B	0.292	0.178	0.133	0.350	0.206	0.297	0.344	0.308	0.404	0.276	0.340	0.188	600
C	0.135	0.191	0.100	0.349	0.201	0.283	0.354	0.321	0.374	0.275	0.329	0.143	600
D	0.207	0.260	0.110	0.342	0.220	0.321	0.371	0.339	0.376	0.269	0.284	0.135	600
E	0.087	0.111	0.112	0.352	0.215	0.317	0.365	0.331	0.375	0.272	0.299	0.146	600
F	0.088	0.124	0.105	0.323	0.222	0.280	0.335	0.272	0.350	0.261	0.311	0.158	600
G	0.203	0.122	0.096	0.312	0.200	0.320	0.360	0.274	0.384	0.263	0.320	0.171	600
H	0.123	0.159	0.221	0.190	0.194	0.170	0.190	0.156	0.152	0.181	0.204	0.232	600



Software Version	2.00.18



Plate Number	Plate 16
Date	17/08/2022
Time	21:03:58
Reader Type:	Synergy
Reader Serial Number:	232563
Reading Type	Reader

Procedure Details

Plate Type	96 WELL PLATE
Read	Absorbance Endpoint
	Full Plate
	Wavelengths:  600
	Read Speed: Normal



Actual Temperature:	24.7

Results
	1	2	3	4	5	6	7	8	9	10	11	12
A	0.251	0.143	0.158	0.150	0.139	0.142	0.145	0.148	0.134	0.125	0.135	0.149	600
B	0.164	0.083	0.083	0.430	0.177	0.454	0.376	0.465	0.535	0.462	0.328	0.173	600
C	0.090	0.083	0.083	0.430	0.184	0.461	0.450	0.479	0.514	0.475	0.330	0.158	600
D	0.086	0.084	0.085	0.420	0.184	0.450	0.396	0.463	0.503	0.460	0.313	0.149	600
E	0.088	0.084	0.084	0.409	0.168	0.446	0.401	0.477	0.510	0.452	0.314	0.145	600
F	0.093	0.083	0.083	0.370	0.155	0.426	0.372	0.460	0.506	0.446	0.334	0.160	600
G	0.088	0.084	0.084	0.386	0.167	0.407	0.412	0.473	0.537	0.401	0.335	0.142	600
H	0.085	0.086	0.099	0.184	0.164	0.156	0.167	0.149	0.152	0.150	0.121	0.146	600



Software Version	2.00.18



Plate Number	Plate 17
Date	17/08/2022
Time	21:06:58
Reader Type:	Synergy
Reader Serial Number:	232563
Reading Type	Reader

Procedure Details

Plate Type	96 WELL PLATE
Read	Absorbance Endpoint
	Full Plate
	Wavelengths:  600
	Read Speed: Normal



Actual Temperature:	24.6

Results
	1	2	3	4	5	6	7	8	9	10	11	12
A	0.184	0.184	0.174	0.126	0.125	0.118	0.116	0.115	0.137	0.133	0.129	0.110	600
B	0.084	0.084	0.083	0.383	0.147	0.341	0.325	0.493	0.508	0.425	0.310	0.138	600
C	0.089	0.084	0.083	0.381	0.197	0.389	0.358	0.502	0.501	0.403	0.338	0.158	600
D	0.086	0.087	0.084	0.396	0.168	0.396	0.350	0.482	0.513	0.410	0.312	0.150	600
E	0.090	0.084	0.084	0.391	0.172	0.398	0.363	0.491	0.532	0.391	0.333	0.152	600
F	0.091	0.084	0.083	0.370	0.176	0.419	0.369	0.499	0.527	0.432	0.341	0.149	600
G	0.089	0.084	0.084	0.368	0.202	0.408	0.443	0.523	0.525	0.432	0.362	0.156	600
H	0.095	0.086	0.092	0.160	0.171	0.166	0.163	0.142	0.134	0.167	0.098	0.110	600



Software Version	2.00.18



Plate Number	Plate 18
Date	17/08/2022
Time	21:09:33
Reader Type:	Synergy
Reader Serial Number:	232563
Reading Type	Reader

Procedure Details

Plate Type	96 WELL PLATE
Read	Absorbance Endpoint
	Full Plate
	Wavelengths:  600
	Read Speed: Normal



Actual Temperature:	24.6

Results
	1	2	3	4	5	6	7	8	9	10	11	12
A	0.086	0.083	0.089	0.085	0.086	0.088	0.084	0.083	0.084	0.086	0.083	0.087	600
B	0.090	0.084	0.083	0.360	0.127	0.406	0.252	0.315	0.321	0.479	0.221	0.089	600
C	0.087	0.085	0.083	0.366	0.135	0.403	0.259	0.322	0.342	0.451	0.222	0.092	600
D	0.086	0.084	0.085	0.377	0.138	0.408	0.264	0.389	0.361	0.478	0.217	0.084	600
E	0.083	0.084	0.083	0.381	0.137	0.406	0.284	0.337	0.362	0.465	0.223	0.084	600
F	0.088	0.083	0.083	0.394	0.129	0.432	0.307	0.324	0.367	0.470	0.227	0.087	600
G	0.088	0.084	0.083	0.414	0.128	0.436	0.292	0.419	0.388	0.471	0.242	0.091	600
H	0.082	0.082	0.080	0.080	0.082	0.086	0.082	0.083	0.078	0.077	0.082	0.080	600



Software Version	2.00.18



Plate Number	Plate 19
Date	17/08/2022
Time	21:11:06
Reader Type:	Synergy
Reader Serial Number:	232563
Reading Type	Reader

Procedure Details

Plate Type	96 WELL PLATE
Read	Absorbance Endpoint
	Full Plate
	Wavelengths:  600
	Read Speed: Normal



Actual Temperature:	24.7

Results
	1	2	3	4	5	6	7	8	9	10	11	12
A	0.077	0.082	0.085	0.082	0.083	0.086	0.087	0.085	0.086	0.086	0.083	0.078	600
B	0.078	0.084	0.083	0.222	0.132	0.214	0.208	0.216	0.240	0.209	0.197	0.084	600
C	0.098	0.084	0.084	0.217	0.132	0.213	0.209	0.208	0.244	0.207	0.200	0.086	600
D	0.080	0.084	0.085	0.220	0.137	0.208	0.204	0.222	0.241	0.209	0.202	0.084	600
E	0.085	0.084	0.084	0.228	0.138	0.218	0.201	0.229	0.248	0.215	0.206	0.087	600
F	0.083	0.085	0.084	0.243	0.132	0.223	0.221	0.203	0.300	0.247	0.197	0.080	600
G	0.082	0.085	0.084	0.254	0.132	0.226	0.210	0.216	0.355	0.266	0.196	0.081	600
H	0.081	0.082	0.081	0.080	0.081	0.081	0.082	0.079	0.079	0.079	0.079	0.078	600



Software Version	2.00.18



Plate Number	Plate 20
Date	17/08/2022
Time	21:15:48
Reader Type:	Synergy
Reader Serial Number:	232563
Reading Type	Reader

Procedure Details

Plate Type	96 WELL PLATE
Read	Absorbance Endpoint
	Full Plate
	Wavelengths:  600
	Read Speed: Normal



Actual Temperature:	24.6

Results
	1	2	3	4	5	6	7	8	9	10	11	12
A	0.313	0.237	0.157	0.155	0.149	0.151	0.161	0.141	0.132	0.147	0.163	0.152	600
B	0.290	0.084	0.084	0.340	0.197	0.353	0.405	0.444	0.523	0.356	0.322	0.175	600
C	0.103	0.083	0.084	0.345	0.179	0.331	0.363	0.410	0.466	0.331	0.306	0.176	600
D	0.084	0.083	0.084	0.335	0.200	0.361	0.405	0.440	0.508	0.375	0.323	0.171	600
E	0.090	0.084	0.085	0.309	0.168	0.378	0.430	0.440	0.521	0.361	0.314	0.155	600
F	0.090	0.087	0.085	0.285	0.170	0.377	0.415	0.413	0.502	0.360	0.348	0.149	600
G	0.087	0.084	0.084	0.340	0.169	0.413	0.441	0.412	0.509	0.336	0.338	0.170	600
H	0.088	0.085	0.088	0.195	0.214	0.201	0.196	0.191	0.191	0.173	0.179	0.167	600



Software Version	2.00.18



Plate Number	Plate 21
Date	18/08/2022
Time	19:38:38
Reader Type:	Synergy
Reader Serial Number:	232563
Reading Type	Reader

Procedure Details

Plate Type	96 WELL PLATE
Read	Absorbance Endpoint
	Full Plate
	Wavelengths:  600
	Read Speed: Normal



Actual Temperature:	24.6

Results
	1	2	3	4	5	6	7	8	9	10	11	12
A	0.135	0.116	0.121	0.106	0.118	0.106	0.103	0.106	0.104	0.104	0.101	0.104	600
B	0.084	0.083	0.083	0.523	0.153	0.584	0.339	0.530	0.459	0.593	0.291	0.111	600
C	0.089	0.083	0.082	0.535	0.157	0.577	0.399	0.530	0.457	0.554	0.295	0.102	600
D	0.086	0.085	0.085	0.521	0.165	0.573	0.364	0.523	0.446	0.538	0.278	0.087	600
E	0.088	0.083	0.085	0.515	0.148	0.564	0.358	0.510	0.432	0.521	0.272	0.100	600
F	0.092	0.082	0.083	0.512	0.141	0.562	0.332	0.495	0.433	0.523	0.270	0.096	600
G	0.089	0.083	0.084	0.510	0.131	0.555	0.339	0.507	0.449	0.532	0.283	0.092	600
H	0.088	0.086	0.087	0.134	0.107	0.085	0.084	0.084	0.084	0.089	0.086	0.084	600



Software Version	2.00.18



Plate Number	Plate 22
Date	18/08/2022
Time	19:40:07
Reader Type:	Synergy
Reader Serial Number:	232563
Reading Type	Reader

Procedure Details

Plate Type	96 WELL PLATE
Read	Absorbance Endpoint
	Full Plate
	Wavelengths:  600
	Read Speed: Normal



Actual Temperature:	24.6

Results
	1	2	3	4	5	6	7	8	9	10	11	12
A	0.136	0.158	0.109	0.097	0.100	0.096	0.096	0.097	0.100	0.090	0.092	0.096	600
B	0.093	0.091	0.087	0.450	0.143	0.438	0.300	0.542	0.404	0.572	0.275	0.091	600
C	0.091	0.084	0.083	0.398	0.166	0.488	0.303	0.534	0.411	0.565	0.279	0.101	600
D	0.088	0.084	0.084	0.431	0.177	0.494	0.316	0.533	0.416	0.567	0.272	0.089	600
E	0.092	0.083	0.084	0.480	0.167	0.528	0.319	0.553	0.420	0.544	0.277	0.112	600
F	0.091	0.083	0.084	0.412	0.164	0.570	0.325	0.554	0.425	0.535	0.280	0.109	600
G	0.089	0.084	0.085	0.477	0.168	0.555	0.337	0.548	0.422	0.552	0.324	0.111	600
H	0.090	0.086	0.088	0.101	0.118	0.113	0.105	0.096	0.085	0.091	0.090	0.084	600



Software Version	2.00.18



Plate Number	Plate 23
Date	18/08/2022
Time	19:42:34
Reader Type:	Synergy
Reader Serial Number:	232563
Reading Type	Reader

Procedure Details

Plate Type	96 WELL PLATE
Read	Absorbance Endpoint
	Full Plate
	Wavelengths:  600
	Read Speed: Normal



Actual Temperature:	24.6

Results
	1	2	3	4	5	6	7	8	9	10	11	12
A	0.089	0.085	0.090	0.086	0.087	0.090	0.087	0.085	0.084	0.085	0.083	0.087	600
B	0.091	0.084	0.083	0.376	0.128	0.400	0.264	0.362	0.352	0.484	0.223	0.089	600
C	0.090	0.083	0.088	0.380	0.135	0.405	0.281	0.374	0.369	0.467	0.225	0.096	600
D	0.089	0.088	0.085	0.386	0.138	0.413	0.289	0.410	0.381	0.487	0.218	0.086	600
E	0.086	0.084	0.083	0.391	0.137	0.413	0.322	0.398	0.379	0.477	0.224	0.087	600
F	0.090	0.083	0.083	0.403	0.129	0.441	0.360	0.377	0.381	0.480	0.228	0.089	600
G	0.091	0.084	0.084	0.425	0.130	0.448	0.320	0.447	0.398	0.484	0.236	0.086	600
H	0.088	0.088	0.083	0.082	0.082	0.082	0.086	0.082	0.083	0.082	0.083	0.085	600



Software Version	2.00.18



Plate Number	Plate 24
Date	18/08/2022
Time	19:44:22
Reader Type:	Synergy
Reader Serial Number:	232563
Reading Type	Reader

Procedure Details

Plate Type	96 WELL PLATE
Read	Absorbance Endpoint
	Full Plate
	Wavelengths:  600
	Read Speed: Normal



Actual Temperature:	24.7

Results
	1	2	3	4	5	6	7	8	9	10	11	12
A	0.078	0.082	0.085	0.086	0.090	0.090	0.093	0.088	0.087	0.091	0.094	0.079	600
B	0.080	0.084	0.084	0.220	0.133	0.207	0.208	0.216	0.236	0.212	0.199	0.092	600
C	0.095	0.084	0.085	0.216	0.133	0.208	0.212	0.209	0.239	0.210	0.201	0.095	600
D	0.082	0.084	0.085	0.217	0.138	0.202	0.204	0.220	0.235	0.215	0.204	0.088	600
E	0.088	0.086	0.085	0.224	0.139	0.211	0.204	0.229	0.238	0.222	0.207	0.095	600
F	0.086	0.084	0.086	0.257	0.132	0.218	0.228	0.208	0.263	0.252	0.205	0.090	600
G	0.082	0.086	0.084	0.266	0.134	0.211	0.221	0.223	0.327	0.293	0.204	0.082	600
H	0.080	0.085	0.085	0.082	0.082	0.084	0.084	0.084	0.079	0.079	0.080	0.078	600



Software Version	2.00.18



Plate Number	Plate 25
Date	18/08/2022
Time	19:49:26
Reader Type:	Synergy
Reader Serial Number:	232563
Reading Type	Reader

Procedure Details

Plate Type	96 WELL PLATE
Read	Absorbance Endpoint
	Full Plate
	Wavelengths:  600
	Read Speed: Normal



Actual Temperature:	24.6

Results
	1	2	3	4	5	6	7	8	9	10	11	12
A	0.083	0.084	0.084	0.084	0.088	0.086	0.083	0.083	0.082	0.082	0.084	0.089	600
B	0.087	0.084	0.083	0.481	0.138	0.468	0.327	0.534	0.495	0.607	0.270	0.089	600
C	0.087	0.083	0.085	0.482	0.143	0.452	0.318	0.517	0.459	0.568	0.265	0.091	600
D	0.086	0.083	0.084	0.491	0.142	0.461	0.322	0.512	0.463	0.553	0.258	0.086	600
E	0.092	0.086	0.084	0.499	0.144	0.483	0.324	0.516	0.474	0.558	0.263	0.088	600
F	0.092	0.083	0.083	0.477	0.144	0.525	0.386	0.501	0.463	0.553	0.260	0.086	600
G	0.087	0.084	0.085	0.516	0.144	0.530	0.445	0.513	0.486	0.541	0.273	0.090	600
H	0.086	0.087	0.086	0.087	0.089	0.084	0.085	0.088	0.082	0.085	0.088	0.085	600



Software Version	2.00.18



Plate Number	Plate 26
Date	18/08/2022
Time	20:45:59
Reader Type:	Synergy
Reader Serial Number:	232563
Reading Type	Reader

Procedure Details

Plate Type	96 WELL PLATE
Read	Absorbance Endpoint
	Full Plate
	Wavelengths:  600
	Read Speed: Normal



Actual Temperature:	25.0

Results
	1	2	3	4	5	6	7	8	9	10	11	12
A	0.075	0.074	0.075	0.076	0.076	0.075	0.075	0.075	0.075	0.074	0.076	0.076	600
B	0.076	0.084	0.083	0.322	0.128	0.312	0.231	0.304	0.279	0.271	0.199	0.076	600
C	0.075	0.083	0.084	0.318	0.121	0.276	0.240	0.293	0.268	0.309	0.199	0.078	600
D	0.080	0.084	0.084	0.327	0.122	0.321	0.242	0.342	0.259	0.321	0.221	0.076	600
E	0.079	0.085	0.089	0.323	0.124	0.336	0.253	0.351	0.275	0.318	0.218	0.081	600
F	0.085	0.088	0.086	0.338	0.122	0.337	0.252	0.347	0.262	0.347	0.237	0.076	600
G	0.087	0.086	0.083	0.339	0.127	0.350	0.266	0.354	0.288	0.337	0.238	0.077	600
H	0.076	0.076	0.074	0.075	0.074	0.076	0.076	0.075	0.075	0.074	0.074	0.077	600



Software Version	2.00.18



Plate Number	Plate 27
Date	18/08/2022
Time	21:00:08
Reader Type:	Synergy
Reader Serial Number:	232563
Reading Type	Reader

Procedure Details

Plate Type	96 WELL PLATE
Read	Absorbance Endpoint
	Full Plate
	Wavelengths:  600
	Read Speed: Normal



Actual Temperature:	25.1

Results
	1	2	3	4	5	6	7	8	9	10	11	12
A	0.079	0.075	0.076	0.075	0.076	0.074	0.075	0.076	0.074	0.079	0.077	0.074	600
B	0.077	0.076	0.076	0.346	0.123	0.320	0.243	0.337	0.244	0.319	0.234	0.074	600
C	0.078	0.081	0.075	0.319	0.124	0.314	0.246	0.339	0.261	0.330	0.219	0.081	600
D	0.075	0.076	0.074	0.328	0.118	0.326	0.232	0.335	0.258	0.321	0.199	0.074	600
E	0.075	0.077	0.075	0.356	0.128	0.330	0.243	0.337	0.255	0.297	0.213	0.076	600
F	0.075	0.074	0.075	0.330	0.121	0.325	0.232	0.329	0.249	0.330	0.215	0.074	600
G	0.075	0.075	0.074	0.333	0.128	0.337	0.246	0.337	0.239	0.312	0.227	0.074	600
H	0.075	0.074	0.074	0.074	0.076	0.076	0.078	0.075	0.073	0.075	0.073	0.074	600



Software Version	2.00.18



Plate Number	Plate 28
Date	18/08/2022
Time	21:11:51
Reader Type:	Synergy
Reader Serial Number:	232563
Reading Type	Reader

Procedure Details

Plate Type	96 WELL PLATE
Read	Absorbance Endpoint
	Full Plate
	Wavelengths:  600
	Read Speed: Normal



Actual Temperature:	25.2

Results
	1	2	3	4	5	6	7	8	9	10	11	12
A	0.073	0.074	0.076	0.074	0.074	0.074	0.084	0.073	0.073	0.073	0.075	0.075	600
B	0.074	0.075	0.075	0.333	0.127	0.320	0.243	0.328	0.276	0.373	0.214	0.075	600
C	0.075	0.076	0.076	0.337	0.136	0.341	0.266	0.334	0.282	0.377	0.218	0.076	600
D	0.075	0.076	0.075	0.351	0.128	0.341	0.277	0.357	0.263	0.374	0.221	0.074	600
E	0.076	0.078	0.075	0.314	0.128	0.323	0.269	0.323	0.253	0.365	0.211	0.075	600
F	0.075	0.075	0.075	0.360	0.125	0.358	0.323	0.329	0.271	0.381	0.217	0.073	600
G	0.075	0.076	0.074	0.327	0.130	0.352	0.274	0.346	0.254	0.353	0.213	0.073	600
H	0.074	0.075	0.075	0.074	0.075	0.075	0.074	0.074	0.074	0.073	0.073	0.072	600



Software Version	2.00.18



Plate Number	Plate 29
Date	18/08/2022
Time	21:38:00
Reader Type:	Synergy
Reader Serial Number:	232563
Reading Type	Reader

Procedure Details

Plate Type	96 WELL PLATE
Read	Absorbance Endpoint
	Full Plate
	Wavelengths:  600
	Read Speed: Normal



Actual Temperature:	25.3

Results
	1	2	3	4	5	6	7	8	9	10	11	12
A	0.076	0.073	0.076	0.076	0.102	0.076	0.075	0.074	0.074	0.074	0.076	0.075	600
B	0.076	0.076	0.075	0.199	0.128	0.205	0.196	0.202	0.223	0.193	0.186	0.076	600
C	0.076	0.077	0.079	0.195	0.131	0.194	0.186	0.191	0.221	0.205	0.183	0.077	600
D	0.076	0.076	0.075	0.200	0.128	0.202	0.197	0.198	0.235	0.183	0.192	0.075	600
E	0.076	0.081	0.079	0.201	0.130	0.198	0.188	0.183	0.221	0.195	0.163	0.076	600
F	0.078	0.081	0.076	0.201	0.126	0.196	0.192	0.190	0.239	0.200	0.195	0.075	600
G	0.074	0.076	0.080	0.185	0.124	0.180	0.182	0.187	0.231	0.185	0.173	0.075	600
H	0.075	0.076	0.075	0.075	0.075	0.078	0.075	0.075	0.075	0.075	0.076	0.074	600



Software Version	2.00.18



Plate Number	Plate 30
Date	18/08/2022
Time	21:50:47
Reader Type:	Synergy
Reader Serial Number:	232563
Reading Type	Reader

Procedure Details

Plate Type	96 WELL PLATE
Read	Absorbance Endpoint
	Full Plate
	Wavelengths:  600
	Read Speed: Normal



Actual Temperature:	25.4

Results
	1	2	3	4	5	6	7	8	9	10	11	12
A	0.074	0.072	0.075	0.074	0.074	0.075	0.074	0.075	0.073	0.073	0.074	0.074	600
B	0.074	0.076	0.076	0.323	0.124	0.357	0.263	0.356	0.276	0.351	0.238	0.075	600
C	0.075	0.075	0.075	0.329	0.128	0.333	0.253	0.345	0.278	0.327	0.231	0.076	600
D	0.076	0.076	0.074	0.342	0.133	0.347	0.271	0.352	0.273	0.338	0.231	0.074	600
E	0.075	0.077	0.074	0.349	0.139	0.352	0.265	0.358	0.270	0.339	0.230	0.076	600
F	0.077	0.075	0.074	0.354	0.127	0.358	0.273	0.351	0.266	0.336	0.228	0.073	600
G	0.075	0.076	0.074	0.350	0.123	0.358	0.267	0.340	0.269	0.337	0.230	0.075	600
H	0.075	0.075	0.073	0.073	0.074	0.074	0.075	0.075	0.074	0.073	0.073	0.073	600



Software Version	2.00.18



Plate Number	Plate 31
Date	19/08/2022
Time	19:54:12
Reader Type:	Synergy
Reader Serial Number:	232563
Reading Type	Reader

Procedure Details

Plate Type	96 WELL PLATE
Read	Absorbance Endpoint
	Full Plate
	Wavelengths:  600
	Read Speed: Normal



Actual Temperature:	25.6

Results
	1	2	3	4	5	6	7	8	9	10	11	12
A	0.078	0.077	0.079	0.079	0.082	0.082	0.081	0.080	0.079	0.080	0.083	0.083	600
B	0.078	0.084	0.083	0.482	0.130	0.501	0.299	0.442	0.379	0.438	0.255	0.081	600
C	0.078	0.084	0.084	0.465	0.125	0.484	0.369	0.428	0.354	0.441	0.245	0.082	600
D	0.085	0.084	0.084	0.444	0.125	0.462	0.330	0.454	0.342	0.437	0.268	0.079	600
E	0.081	0.085	0.085	0.448	0.126	0.444	0.323	0.442	0.359	0.429	0.275	0.088	600
F	0.089	0.084	0.086	0.450	0.125	0.457	0.331	0.456	0.353	0.470	0.319	0.080	600
G	0.090	0.087	0.084	0.442	0.128	0.434	0.342	0.450	0.386	0.436	0.322	0.082	600
H	0.081	0.079	0.078	0.079	0.079	0.081	0.080	0.079	0.080	0.079	0.078	0.080	600



Software Version	2.00.18



Plate Number	Plate 32
Date	19/08/2022
Time	19:58:52
Reader Type:	Synergy
Reader Serial Number:	232563
Reading Type	Reader

Procedure Details

Plate Type	96 WELL PLATE
Read	Absorbance Endpoint
	Full Plate
	Wavelengths:  600
	Read Speed: Normal



Actual Temperature:	25.6

Results
	1	2	3	4	5	6	7	8	9	10	11	12
A	0.081	0.078	0.082	0.081	0.082	0.080	0.080	0.080	0.079	0.078	0.080	0.080	600
B	0.079	0.081	0.079	0.439	0.126	0.460	0.290	0.425	0.318	0.431	0.298	0.078	600
C	0.080	0.078	0.085	0.460	0.128	0.496	0.284	0.430	0.322	0.424	0.278	0.079	600
D	0.079	0.080	0.078	0.456	0.123	0.456	0.284	0.444	0.324	0.470	0.254	0.078	600
E	0.080	0.083	0.078	0.446	0.131	0.491	0.296	0.449	0.324	0.457	0.287	0.080	600
F	0.081	0.081	0.079	0.456	0.127	0.487	0.290	0.428	0.321	0.469	0.292	0.077	600
G	0.081	0.078	0.078	0.467	0.132	0.486	0.320	0.449	0.320	0.475	0.331	0.077	600
H	0.156	0.079	0.078	0.079	0.080	0.079	0.079	0.078	0.078	0.077	0.077	0.080	600



Software Version	2.00.18



Plate Number	Plate 33
Date	19/08/2022
Time	20:02:58
Reader Type:	Synergy
Reader Serial Number:	232563
Reading Type	Reader

Procedure Details

Plate Type	96 WELL PLATE
Read	Absorbance Endpoint
	Full Plate
	Wavelengths:  600
	Read Speed: Normal



Actual Temperature:	25.6

Results
	1	2	3	4	5	6	7	8	9	10	11	12
A	0.076	0.077	0.080	0.078	0.078	0.077	0.091	0.076	0.077	0.076	0.079	0.080	600
B	0.077	0.080	0.079	0.361	0.133	0.385	0.280	0.360	0.374	0.424	0.253	0.079	600
C	0.079	0.082	0.081	0.375	0.141	0.395	0.315	0.389	0.379	0.423	0.251	0.082	600
D	0.079	0.081	0.079	0.382	0.132	0.385	0.325	0.408	0.359	0.423	0.255	0.079	600
E	0.078	0.082	0.078	0.370	0.148	0.389	0.352	0.401	0.377	0.447	0.263	0.081	600
F	0.080	0.079	0.078	0.417	0.171	0.429	0.419	0.412	0.394	0.465	0.277	0.078	600
G	0.081	0.081	0.081	0.461	0.134	0.436	0.348	0.434	0.382	0.498	0.271	0.077	600
H	0.079	0.079	0.079	0.076	0.078	0.079	0.078	0.077	0.077	0.077	0.077	0.077	600



Software Version	2.00.18



Plate Number	Plate 34
Date	19/08/2022
Time	20:06:21
Reader Type:	Synergy
Reader Serial Number:	232563
Reading Type	Reader

Procedure Details

Plate Type	96 WELL PLATE
Read	Absorbance Endpoint
	Full Plate
	Wavelengths:  600
	Read Speed: Normal



Actual Temperature:	25.6

Results
	1	2	3	4	5	6	7	8	9	10	11	12
A	0.078	0.078	0.082	0.081	0.080	0.081	0.080	0.082	0.079	0.078	0.078	0.080	600
B	0.081	0.082	0.080	0.207	0.131	0.209	0.209	0.210	0.236	0.204	0.195	0.081	600
C	0.083	0.082	0.086	0.200	0.132	0.199	0.197	0.195	0.233	0.205	0.193	0.086	600
D	0.082	0.081	0.082	0.210	0.131	0.213	0.212	0.210	0.252	0.207	0.207	0.081	600
E	0.084	0.086	0.083	0.214	0.134	0.211	0.206	0.199	0.244	0.216	0.192	0.085	600
F	0.082	0.086	0.083	0.216	0.129	0.207	0.208	0.207	0.261	0.219	0.208	0.082	600
G	0.081	0.086	0.088	0.217	0.127	0.199	0.206	0.207	0.263	0.213	0.191	0.081	600
H	0.081	0.081	0.081	0.080	0.082	0.091	0.081	0.083	0.079	0.079	0.082	0.078	600



Software Version	2.00.18



Plate Number	Plate 35
Date	19/08/2022
Time	20:08:47
Reader Type:	Synergy
Reader Serial Number:	232563
Reading Type	Reader

Procedure Details

Plate Type	96 WELL PLATE
Read	Absorbance Endpoint
	Full Plate
	Wavelengths:  600
	Read Speed: Normal



Actual Temperature:	25.6

Results
	1	2	3	4	5	6	7	8	9	10	11	12
A	0.079	0.075	0.081	0.082	0.080	0.081	0.080	0.082	0.078	0.079	0.079	0.081	600
B	0.086	0.080	0.078	0.461	0.127	0.476	0.351	0.432	0.361	0.439	0.292	0.078	600
C	0.079	0.079	0.076	0.449	0.132	0.482	0.331	0.431	0.360	0.417	0.300	0.081	600
D	0.080	0.079	0.077	0.464	0.146	0.481	0.362	0.427	0.351	0.433	0.298	0.079	600
E	0.078	0.081	0.077	0.450	0.147	0.474	0.344	0.428	0.342	0.428	0.291	0.082	600
F	0.083	0.078	0.078	0.463	0.133	0.465	0.384	0.426	0.356	0.430	0.296	0.079	600
G	0.166	0.078	0.077	0.458	0.128	0.454	0.407	0.423	0.375	0.442	0.299	0.080	600
H	0.082	0.077	0.077	0.076	0.077	0.077	0.078	0.076	0.076	0.077	0.076	0.079	600



Software Version	2.00.18



Plate Number	Plate 36
Date	20/08/2022
Time	19:28:26
Reader Type:	Synergy
Reader Serial Number:	232563
Reading Type	Reader

Procedure Details

Plate Type	96 WELL PLATE
Read	Absorbance Endpoint
	Full Plate
	Wavelengths:  600
	Read Speed: Normal



Actual Temperature:	24.5

Results
	1	2	3	4	5	6	7	8	9	10	11	12
A	0.117	0.114	0.083	0.082	0.084	0.086	0.085	0.085	0.082	0.084	0.084	0.109	600
B	0.118	0.084	0.084	0.451	0.132	0.509	0.297	0.421	0.411	0.454	0.238	0.085	600
C	0.086	0.083	0.084	0.436	0.126	0.501	0.355	0.404	0.393	0.470	0.234	0.087	600
D	0.086	0.084	0.085	0.417	0.126	0.453	0.321	0.422	0.362	0.460	0.261	0.082	600
E	0.084	0.086	0.085	0.439	0.128	0.458	0.316	0.424	0.406	0.454	0.263	0.089	600
F	0.090	0.086	0.086	0.426	0.125	0.456	0.318	0.428	0.388	0.474	0.311	0.083	600
G	0.090	0.086	0.084	0.431	0.131	0.446	0.333	0.439	0.428	0.442	0.322	0.085	600
H	0.087	0.083	0.082	0.084	0.083	0.086	0.084	0.083	0.082	0.082	0.082	0.085	600



Software Version	2.00.18



Plate Number	Plate 37
Date	20/08/2022
Time	19:30:27
Reader Type:	Synergy
Reader Serial Number:	232563
Reading Type	Reader

Procedure Details

Plate Type	96 WELL PLATE
Read	Absorbance Endpoint
	Full Plate
	Wavelengths:  600
	Read Speed: Normal



Actual Temperature:	24.4

Results
	1	2	3	4	5	6	7	8	9	10	11	12
A	0.097	0.090	0.084	0.085	0.086	0.086	0.086	0.085	0.084	0.082	0.082	0.083	600
B	0.089	0.084	0.082	0.435	0.130	0.483	0.300	0.413	0.333	0.471	0.288	0.081	600
C	0.084	0.081	0.082	0.456	0.135	0.524	0.295	0.421	0.349	0.456	0.265	0.082	600
D	0.083	0.081	0.080	0.444	0.124	0.455	0.286	0.424	0.346	0.497	0.240	0.080	600
E	0.083	0.085	0.082	0.440	0.134	0.526	0.308	0.431	0.355	0.487	0.272	0.084	600
F	0.082	0.080	0.081	0.446	0.129	0.506	0.294	0.414	0.358	0.498	0.282	0.081	600
G	0.084	0.082	0.079	0.449	0.137	0.478	0.321	0.433	0.352	0.493	0.307	0.080	600
H	0.083	0.082	0.081	0.083	0.082	0.081	0.081	0.081	0.080	0.080	0.080	0.084	600



Software Version	2.00.18



Plate Number	Plate 38
Date	20/08/2022
Time	19:32:08
Reader Type:	Synergy
Reader Serial Number:	232563
Reading Type	Reader

Procedure Details

Plate Type	96 WELL PLATE
Read	Absorbance Endpoint
	Full Plate
	Wavelengths:  600
	Read Speed: Normal



Actual Temperature:	24.4

Results
	1	2	3	4	5	6	7	8	9	10	11	12
A	0.079	0.080	0.080	0.081	0.082	0.082	0.097	0.079	0.080	0.080	0.082	0.081	600
B	0.081	0.081	0.080	0.338	0.131	0.349	0.266	0.350	0.367	0.394	0.226	0.084	600
C	0.082	0.081	0.082	0.346	0.140	0.361	0.298	0.371	0.373	0.401	0.229	0.088	600
D	0.081	0.083	0.081	0.350	0.134	0.352	0.303	0.392	0.355	0.407	0.236	0.084	600
E	0.081	0.084	0.081	0.337	0.287	0.358	0.324	0.383	0.372	0.408	0.230	0.087	600
F	0.084	0.081	0.083	0.374	0.370	0.381	0.376	0.397	0.394	0.434	0.237	0.081	600
G	0.081	0.082	0.082	0.410	0.138	0.410	0.304	0.426	0.389	0.476	0.218	0.082	600
H	0.080	0.079	0.077	0.078	0.077	0.077	0.077	0.076	0.078	0.076	0.075	0.075	600



Software Version	2.00.18



Plate Number	Plate 39
Date	20/08/2022
Time	19:35:18
Reader Type:	Synergy
Reader Serial Number:	232563
Reading Type	Reader

Procedure Details

Plate Type	96 WELL PLATE
Read	Absorbance Endpoint
	Full Plate
	Wavelengths:  600
	Read Speed: Normal



Actual Temperature:	24.5

Results
	1	2	3	4	5	6	7	8	9	10	11	12
A	0.080	0.077	0.087	0.085	0.086	0.086	0.085	0.088	0.085	0.085	0.086	0.080	600
B	0.080	0.083	0.084	0.207	0.130	0.212	0.207	0.210	0.226	0.208	0.195	0.086	600
C	0.082	0.085	0.091	0.203	0.132	0.202	0.194	0.198	0.227	0.208	0.193	0.095	600
D	0.082	0.084	0.085	0.213	0.130	0.214	0.222	0.211	0.244	0.210	0.204	0.085	600
E	0.083	0.088	0.090	0.219	0.133	0.215	0.205	0.205	0.235	0.218	0.203	0.097	600
F	0.084	0.089	0.089	0.225	0.129	0.216	0.201	0.210	0.260	0.218	0.212	0.088	600
G	0.082	0.086	0.091	0.221	0.128	0.208	0.205	0.209	0.299	0.231	0.201	0.085	600
H	0.082	0.083	0.083	0.084	0.084	0.095	0.085	0.086	0.082	0.083	0.087	0.081	600



Software Version	2.00.18



Plate Number	Plate 40
Date	20/08/2022
Time	19:42:24
Reader Type:	Synergy
Reader Serial Number:	232563
Reading Type	Reader

Procedure Details

Plate Type	96 WELL PLATE
Read	Absorbance Endpoint
	Full Plate
	Wavelengths:  600
	Read Speed: Normal



Actual Temperature:	24.4

Results
	1	2	3	4	5	6	7	8	9	10	11	12
A	0.082	0.080	0.084	0.084	0.088	0.089	0.091	0.092	0.089	0.083	0.079	0.080	600
B	0.093	0.081	0.082	0.528	0.144	0.529	0.375	0.483	0.457	0.511	0.370	0.082	600
C	0.081	0.082	0.080	0.503	0.135	0.569	0.356	0.490	0.471	0.496	0.383	0.084	600
D	0.082	0.081	0.080	0.491	0.192	0.522	0.377	0.487	0.440	0.502	0.364	0.081	600
E	0.082	0.083	0.080	0.486	0.151	0.546	0.394	0.488	0.442	0.483	0.356	0.083	600
F	0.085	0.080	0.080	0.482	0.150	0.503	0.447	0.483	0.441	0.500	0.380	0.081	600
G	0.082	0.081	0.080	0.501	0.148	0.497	0.465	0.488	0.445	0.495	0.372	0.084	600
H	0.083	0.081	0.082	0.081	0.079	0.081	0.081	0.080	0.080	0.081	0.080	0.084	600

