,,,,,,,,,,,,,
,,,,,,,,,,,,,
Software Version,2.00.18,,,,,,,,,,,,
,,,,,,,,,,,,,
,,,,,,,,,,,,,
,,,,,,,,,,,,,
Plate Number,Plate 1,,,,,,,,,,,,
Date,17/10/2022,,,,,,,,,,,,
Time,22:14:05,,,,,,,,,,,,
Reader Type:,Synergy,,,,,,,,,,,,
Reader Serial Number:,232563,,,,,,,,,,,,
Reading Type,Reader,,,,,,,,,,,,
,,,,,,,,,,,,,
Procedure Details,,,,,,,,,,,,,
,,,,,,,,,,,,,
Plate Type,96 WELL PLATE,,,,,,,,,,,,
Read,Absorbance Endpoint,,,,,,,,,,,,
,Full Plate,,,,,,,,,,,,
,Wavelengths:  600,,,,,,,,,,,,
,Read Speed: Normal,,,,,,,,,,,,
,,,,,,,,,,,,,
,,,,,,,,,,,,,
,,,,,,,,,,,,,
Actual Temperature:,23.2,,,,,,,,,,,,
,,,,,,,,,,,,,
Results,,,,,,,,,,,,,
,1,2,3,4,5,6,7,8,9,10,11,12,
A,0.079,0.077,0.078,0.08,0.08,0.08,0.077,0.075,0.074,0.073,0.073,0.074,600
B,0.077,0.079,0.078,0.139,0.129,0.128,0.129,0.129,0.128,0.073,0.072,0.074,600
C,0.08,0.08,0.079,0.141,0.129,0.125,0.126,0.128,0.128,0.077,0.08,0.078,600
D,0.079,0.08,0.081,0.144,0.134,0.129,0.129,0.129,0.129,0.081,0.084,0.076,600
E,0.078,0.079,0.086,0.146,0.137,0.134,0.138,0.132,0.135,0.082,0.078,0.076,600
F,0.077,0.083,0.084,0.143,0.137,0.136,0.137,0.135,0.135,0.083,0.081,0.079,600
G,0.076,0.08,0.085,0.141,0.137,0.139,0.141,0.14,0.136,0.089,0.078,0.075,600
H,0.075,0.078,0.078,0.086,0.082,0.079,0.081,0.082,0.076,0.076,0.074,0.075,600
,,,,,,,,,,,,,
,,,,,,,,,,,,,
,,,,,,,,,,,,,
Software Version,2.00.18,,,,,,,,,,,,
,,,,,,,,,,,,,
,,,,,,,,,,,,,
,,,,,,,,,,,,,
Plate Number,Plate 2,,,,,,,,,,,,
Date,17/10/2022,,,,,,,,,,,,
Time,22:16:24,,,,,,,,,,,,
Reader Type:,Synergy,,,,,,,,,,,,
Reader Serial Number:,232563,,,,,,,,,,,,
Reading Type,Reader,,,,,,,,,,,,
,,,,,,,,,,,,,
Procedure Details,,,,,,,,,,,,,
,,,,,,,,,,,,,
Plate Type,96 WELL PLATE,,,,,,,,,,,,
Read,Absorbance Endpoint,,,,,,,,,,,,
,Full Plate,,,,,,,,,,,,
,Wavelengths:  600,,,,,,,,,,,,
,Read Speed: Normal,,,,,,,,,,,,
,,,,,,,,,,,,,
,,,,,,,,,,,,,
,,,,,,,,,,,,,
Actual Temperature:,23.2,,,,,,,,,,,,
,,,,,,,,,,,,,
Results,,,,,,,,,,,,,
,1,2,3,4,5,6,7,8,9,10,11,12,
A,0.084,0.077,0.078,0.081,0.081,0.083,0.083,0.08,0.081,0.078,0.08,0.078,600
B,0.082,0.085,0.081,0.149,0.145,0.141,0.138,0.138,0.137,0.079,0.08,0.079,600
C,0.083,0.084,0.087,0.143,0.142,0.138,0.135,0.137,0.136,0.083,0.083,0.086,600
D,0.083,0.084,0.081,0.147,0.142,0.147,0.14,0.141,0.142,0.089,0.088,0.086,600
E,0.087,0.085,0.084,0.15,0.139,0.143,0.137,0.136,0.138,0.092,0.1,0.092,600
F,0.081,0.077,0.083,0.14,0.136,0.135,0.133,0.135,0.139,0.091,0.09,0.085,600
G,0.079,0.076,0.083,0.14,0.137,0.131,0.132,0.134,0.135,0.084,0.087,0.084,600
H,0.076,0.079,0.079,0.079,0.079,0.08,0.081,0.08,0.077,0.078,0.077,0.075,600
,,,,,,,,,,,,,
,,,,,,,,,,,,,
,,,,,,,,,,,,,
Software Version,2.00.18,,,,,,,,,,,,
,,,,,,,,,,,,,
,,,,,,,,,,,,,
,,,,,,,,,,,,,
Plate Number,Plate 3,,,,,,,,,,,,
Date,17/10/2022,,,,,,,,,,,,
Time,22:17:30,,,,,,,,,,,,
Reader Type:,Synergy,,,,,,,,,,,,
Reader Serial Number:,232563,,,,,,,,,,,,
Reading Type,Reader,,,,,,,,,,,,
,,,,,,,,,,,,,
Procedure Details,,,,,,,,,,,,,
,,,,,,,,,,,,,
Plate Type,96 WELL PLATE,,,,,,,,,,,,
Read,Absorbance Endpoint,,,,,,,,,,,,
,Full Plate,,,,,,,,,,,,
,Wavelengths:  600,,,,,,,,,,,,
,Read Speed: Normal,,,,,,,,,,,,
,,,,,,,,,,,,,
,,,,,,,,,,,,,
,,,,,,,,,,,,,
Actual Temperature:,23.3,,,,,,,,,,,,
,,,,,,,,,,,,,
Results,,,,,,,,,,,,,
,1,2,3,4,5,6,7,8,9,10,11,12,
A,0.077,0.079,0.082,0.077,0.078,0.077,0.076,0.076,0.074,0.074,0.075,0.076,600
B,0.084,0.082,0.078,0.129,0.122,0.127,0.136,0.123,0.129,0.078,0.077,0.078,600
C,0.081,0.081,0.078,0.126,0.123,0.126,0.13,0.127,0.128,0.075,0.077,0.079,600
D,0.08,0.082,0.078,0.133,0.123,0.128,0.132,0.13,0.131,0.078,0.079,0.078,600
E,0.086,0.089,0.084,0.131,0.142,0.137,0.136,0.136,0.133,0.079,0.082,0.081,600
F,0.078,0.079,0.081,0.128,0.126,0.127,0.131,0.132,0.13,0.081,0.079,0.079,600
G,0.076,0.087,0.078,0.129,0.128,0.129,0.129,0.132,0.127,0.078,0.079,0.079,600
H,0.083,0.076,0.076,0.081,0.082,0.084,0.082,0.083,0.08,0.082,0.081,0.077,600
,,,,,,,,,,,,,
,,,,,,,,,,,,,
,,,,,,,,,,,,,
Software Version,2.00.18,,,,,,,,,,,,
,,,,,,,,,,,,,
,,,,,,,,,,,,,
,,,,,,,,,,,,,
Plate Number,Plate 4,,,,,,,,,,,,
Date,17/10/2022,,,,,,,,,,,,
Time,22:19:39,,,,,,,,,,,,
Reader Type:,Synergy,,,,,,,,,,,,
Reader Serial Number:,232563,,,,,,,,,,,,
Reading Type,Reader,,,,,,,,,,,,
,,,,,,,,,,,,,
Procedure Details,,,,,,,,,,,,,
,,,,,,,,,,,,,
Plate Type,96 WELL PLATE,,,,,,,,,,,,
Read,Absorbance Endpoint,,,,,,,,,,,,
,Full Plate,,,,,,,,,,,,
,Wavelengths:  600,,,,,,,,,,,,
,Read Speed: Normal,,,,,,,,,,,,
,,,,,,,,,,,,,
,,,,,,,,,,,,,
,,,,,,,,,,,,,
Actual Temperature:,23.3,,,,,,,,,,,,
,,,,,,,,,,,,,
Results,,,,,,,,,,,,,
,1,2,3,4,5,6,7,8,9,10,11,12,
A,0.086,0.082,0.084,0.089,0.089,0.081,0.083,0.088,0.09,0.082,0.083,0.088,600
B,0.081,0.083,0.082,0.135,0.138,0.139,0.139,0.148,0.147,0.083,0.082,0.084,600
C,0.083,0.084,0.085,0.135,0.133,0.131,0.134,0.135,0.137,0.082,0.085,0.084,600
D,0.085,0.088,0.09,0.137,0.134,0.134,0.139,0.137,0.14,0.083,0.086,0.084,600
E,0.079,0.087,0.086,0.136,0.139,0.135,0.138,0.139,0.139,0.085,0.092,0.087,600
F,0.078,0.088,0.086,0.137,0.133,0.134,0.137,0.139,0.144,0.095,0.089,0.086,600
G,0.089,0.09,0.086,0.137,0.138,0.133,0.137,0.138,0.14,0.088,0.084,0.086,600
H,0.091,0.087,0.091,0.084,0.085,0.086,0.085,0.086,0.083,0.085,0.081,0.084,600
,,,,,,,,,,,,,
,,,,,,,,,,,,,
,,,,,,,,,,,,,
Software Version,2.00.18,,,,,,,,,,,,
,,,,,,,,,,,,,
,,,,,,,,,,,,,
,,,,,,,,,,,,,
Plate Number,Plate 5,,,,,,,,,,,,
Date,17/10/2022,,,,,,,,,,,,
Time,22:21:21,,,,,,,,,,,,
Reader Type:,Synergy,,,,,,,,,,,,
Reader Serial Number:,232563,,,,,,,,,,,,
Reading Type,Reader,,,,,,,,,,,,
,,,,,,,,,,,,,
Procedure Details,,,,,,,,,,,,,
,,,,,,,,,,,,,
Plate Type,96 WELL PLATE,,,,,,,,,,,,
Read,Absorbance Endpoint,,,,,,,,,,,,
,Full Plate,,,,,,,,,,,,
,Wavelengths:  600,,,,,,,,,,,,
,Read Speed: Normal,,,,,,,,,,,,
,,,,,,,,,,,,,
,,,,,,,,,,,,,
,,,,,,,,,,,,,
Actual Temperature:,23.3,,,,,,,,,,,,
,,,,,,,,,,,,,
Results,,,,,,,,,,,,,
,1,2,3,4,5,6,7,8,9,10,11,12,
A,0.085,0.081,0.087,0.086,0.085,0.084,0.088,0.089,0.089,0.086,0.09,0.088,600
B,0.083,0.086,0.084,0.153,0.15,0.152,0.15,0.145,0.144,0.086,0.085,0.084,600
C,0.083,0.088,0.083,0.151,0.151,0.149,0.144,0.138,0.141,0.085,0.086,0.078,600
D,0.081,0.084,0.086,0.155,0.151,0.152,0.147,0.143,0.143,0.085,0.088,0.076,600
E,0.078,0.088,0.086,0.152,0.153,0.145,0.149,0.15,0.148,0.087,0.09,0.087,600
F,0.08,0.081,0.085,0.149,0.147,0.143,0.151,0.141,0.14,0.087,0.087,0.085,600
G,0.076,0.089,0.085,0.146,0.149,0.148,0.147,0.145,0.142,0.089,0.089,0.087,600
H,0.078,0.086,0.087,0.087,0.085,0.085,0.087,0.087,0.087,0.087,0.084,0.085,600
,,,,,,,,,,,,,
,,,,,,,,,,,,,
,,,,,,,,,,,,,
Software Version,2.00.18,,,,,,,,,,,,
,,,,,,,,,,,,,
,,,,,,,,,,,,,
,,,,,,,,,,,,,
Plate Number,Plate 6,,,,,,,,,,,,
Date,17/10/2022,,,,,,,,,,,,
Time,22:22:56,,,,,,,,,,,,
Reader Type:,Synergy,,,,,,,,,,,,
Reader Serial Number:,232563,,,,,,,,,,,,
Reading Type,Reader,,,,,,,,,,,,
,,,,,,,,,,,,,
Procedure Details,,,,,,,,,,,,,
,,,,,,,,,,,,,
Plate Type,96 WELL PLATE,,,,,,,,,,,,
Read,Absorbance Endpoint,,,,,,,,,,,,
,Full Plate,,,,,,,,,,,,
,Wavelengths:  600,,,,,,,,,,,,
,Read Speed: Normal,,,,,,,,,,,,
,,,,,,,,,,,,,
,,,,,,,,,,,,,
,,,,,,,,,,,,,
Actual Temperature:,23.3,,,,,,,,,,,,
,,,,,,,,,,,,,
Results,,,,,,,,,,,,,
,1,2,3,4,5,6,7,8,9,10,11,12,
A,0.096,0.091,0.092,0.089,0.092,0.091,0.087,0.085,0.084,0.082,0.081,0.088,600
B,0.098,0.097,0.09,0.142,0.136,0.138,0.133,0.133,0.135,0.083,0.079,0.082,600
C,0.097,0.096,0.087,0.137,0.133,0.131,0.132,0.131,0.136,0.082,0.087,0.084,600
D,0.093,0.106,0.087,0.142,0.135,0.132,0.138,0.141,0.139,0.087,0.088,0.083,600
E,0.093,0.099,0.097,0.14,0.133,0.131,0.133,0.135,0.141,0.088,0.091,0.085,600
F,0.077,0.077,0.088,0.135,0.131,0.131,0.134,0.129,0.146,0.087,0.088,0.084,600
G,0.077,0.077,0.084,0.133,0.133,0.132,0.133,0.138,0.145,0.088,0.089,0.091,600
H,0.075,0.091,0.082,0.084,0.084,0.087,0.083,0.087,0.084,0.086,0.084,0.086,600
,,,,,,,,,,,,,
,,,,,,,,,,,,,
,,,,,,,,,,,,,
Software Version,2.00.18,,,,,,,,,,,,
,,,,,,,,,,,,,
,,,,,,,,,,,,,
,,,,,,,,,,,,,
Plate Number,Plate 7,,,,,,,,,,,,
Date,18/10/2022,,,,,,,,,,,,
Time,09:41:07,,,,,,,,,,,,
Reader Type:,Synergy,,,,,,,,,,,,
Reader Serial Number:,232563,,,,,,,,,,,,
Reading Type,Reader,,,,,,,,,,,,
,,,,,,,,,,,,,
Procedure Details,,,,,,,,,,,,,
,,,,,,,,,,,,,
Plate Type,96 WELL PLATE,,,,,,,,,,,,
Read,Absorbance Endpoint,,,,,,,,,,,,
,Full Plate,,,,,,,,,,,,
,Wavelengths:  600,,,,,,,,,,,,
,Read Speed: Normal,,,,,,,,,,,,
,,,,,,,,,,,,,
,,,,,,,,,,,,,
,,,,,,,,,,,,,
Actual Temperature:,21.5,,,,,,,,,,,,
,,,,,,,,,,,,,
Results,,,,,,,,,,,,,
,1,2,3,4,5,6,7,8,9,10,11,12,
A,0.087,0.081,0.081,0.08,0.08,0.08,0.081,0.082,0.078,0.078,0.075,0.077,600
B,0.095,0.093,0.093,0.154,0.144,0.143,0.141,0.144,0.136,0.082,0.08,0.084,600
C,0.087,0.103,0.13,0.156,0.14,0.139,0.131,0.132,0.137,0.093,0.119,0.082,600
D,0.082,0.097,0.133,0.152,0.142,0.142,0.135,0.138,0.137,0.134,0.131,0.087,600
E,0.082,0.091,0.129,0.154,0.142,0.139,0.141,0.139,0.145,0.131,0.113,0.088,600
F,0.08,0.08,0.098,0.152,0.137,0.139,0.137,0.137,0.137,0.118,0.105,0.085,600
G,0.08,0.081,0.081,0.143,0.132,0.139,0.138,0.143,0.138,0.086,0.081,0.078,600
H,0.079,0.084,0.08,0.079,0.08,0.079,0.078,0.081,0.078,0.082,0.082,0.079,600
,,,,,,,,,,,,,
,,,,,,,,,,,,,
,,,,,,,,,,,,,
Software Version,2.00.18,,,,,,,,,,,,
,,,,,,,,,,,,,
,,,,,,,,,,,,,
,,,,,,,,,,,,,
Plate Number,Plate 8,,,,,,,,,,,,
Date,18/10/2022,,,,,,,,,,,,
Time,09:43:59,,,,,,,,,,,,
Reader Type:,Synergy,,,,,,,,,,,,
Reader Serial Number:,232563,,,,,,,,,,,,
Reading Type,Reader,,,,,,,,,,,,
,,,,,,,,,,,,,
Procedure Details,,,,,,,,,,,,,
,,,,,,,,,,,,,
Plate Type,96 WELL PLATE,,,,,,,,,,,,
Read,Absorbance Endpoint,,,,,,,,,,,,
,Full Plate,,,,,,,,,,,,
,Wavelengths:  600,,,,,,,,,,,,
,Read Speed: Normal,,,,,,,,,,,,
,,,,,,,,,,,,,
,,,,,,,,,,,,,
,,,,,,,,,,,,,
Actual Temperature:,21.5,,,,,,,,,,,,
,,,,,,,,,,,,,
Results,,,,,,,,,,,,,
,1,2,3,4,5,6,7,8,9,10,11,12,
A,0.124,0.113,0.133,0.108,0.102,0.102,0.084,0.09,0.092,0.088,0.079,0.077,600
B,0.128,0.131,0.144,0.14,0.136,0.134,0.133,0.135,0.134,0.108,0.089,0.078,600
C,0.122,0.146,0.14,0.138,0.135,0.132,0.13,0.136,0.131,0.123,0.119,0.08,600
D,0.114,0.132,0.139,0.14,0.134,0.137,0.135,0.137,0.133,0.135,0.125,0.081,600
E,0.105,0.136,0.124,0.141,0.131,0.136,0.133,0.135,0.132,0.142,0.124,0.083,600
F,0.088,0.113,0.121,0.141,0.132,0.132,0.13,0.136,0.131,0.115,0.101,0.078,600
G,0.082,0.081,0.08,0.136,0.131,0.131,0.131,0.129,0.13,0.08,0.078,0.077,600
H,0.079,0.079,0.079,0.079,0.079,0.081,0.08,0.08,0.081,0.079,0.078,0.077,600
,,,,,,,,,,,,,
,,,,,,,,,,,,,
,,,,,,,,,,,,,
Software Version,2.00.18,,,,,,,,,,,,
,,,,,,,,,,,,,
,,,,,,,,,,,,,
,,,,,,,,,,,,,
Plate Number,Plate 9,,,,,,,,,,,,
Date,18/10/2022,,,,,,,,,,,,
Time,09:45:37,,,,,,,,,,,,
Reader Type:,Synergy,,,,,,,,,,,,
Reader Serial Number:,232563,,,,,,,,,,,,
Reading Type,Reader,,,,,,,,,,,,
,,,,,,,,,,,,,
Procedure Details,,,,,,,,,,,,,
,,,,,,,,,,,,,
Plate Type,96 WELL PLATE,,,,,,,,,,,,
Read,Absorbance Endpoint,,,,,,,,,,,,
,Full Plate,,,,,,,,,,,,
,Wavelengths:  600,,,,,,,,,,,,
,Read Speed: Normal,,,,,,,,,,,,
,,,,,,,,,,,,,
,,,,,,,,,,,,,
,,,,,,,,,,,,,
Actual Temperature:,21.5,,,,,,,,,,,,
,,,,,,,,,,,,,
Results,,,,,,,,,,,,,
,1,2,3,4,5,6,7,8,9,10,11,12,
A,0.078,0.075,0.08,0.079,0.094,0.115,0.089,0.078,0.076,0.076,0.08,0.077,600
B,0.122,0.13,0.12,0.135,0.124,0.13,0.134,0.131,0.129,0.077,0.079,0.077,600
C,0.132,0.139,0.13,0.134,0.124,0.13,0.131,0.135,0.129,0.115,0.105,0.079,600
D,0.123,0.135,0.137,0.136,0.128,0.132,0.133,0.139,0.134,0.114,0.094,0.078,600
E,0.123,0.141,0.135,0.139,0.129,0.139,0.133,0.14,0.133,0.086,0.087,0.082,600
F,0.101,0.12,0.117,0.139,0.129,0.131,0.13,0.139,0.129,0.08,0.079,0.08,600
G,0.081,0.087,0.081,0.137,0.128,0.13,0.129,0.137,0.128,0.078,0.078,0.079,600
H,0.088,0.078,0.079,0.079,0.078,0.078,0.078,0.077,0.078,0.078,0.077,0.078,600
,,,,,,,,,,,,,
,,,,,,,,,,,,,
,,,,,,,,,,,,,
Software Version,2.00.18,,,,,,,,,,,,
,,,,,,,,,,,,,
,,,,,,,,,,,,,
,,,,,,,,,,,,,
Plate Number,Plate 10,,,,,,,,,,,,
Date,18/10/2022,,,,,,,,,,,,
Time,09:50:11,,,,,,,,,,,,
Reader Type:,Synergy,,,,,,,,,,,,
Reader Serial Number:,232563,,,,,,,,,,,,
Reading Type,Reader,,,,,,,,,,,,
,,,,,,,,,,,,,
Procedure Details,,,,,,,,,,,,,
,,,,,,,,,,,,,
Plate Type,96 WELL PLATE,,,,,,,,,,,,
Read,Absorbance Endpoint,,,,,,,,,,,,
,Full Plate,,,,,,,,,,,,
,Wavelengths:  600,,,,,,,,,,,,
,Read Speed: Normal,,,,,,,,,,,,
,,,,,,,,,,,,,
,,,,,,,,,,,,,
,,,,,,,,,,,,,
Actual Temperature:,21.6,,,,,,,,,,,,
,,,,,,,,,,,,,
Results,,,,,,,,,,,,,
,1,2,3,4,5,6,7,8,9,10,11,12,
A,0.081,0.078,0.081,0.084,0.092,0.165,0.154,0.139,0.086,0.076,0.078,0.079,600
B,0.079,0.078,0.077,0.142,0.136,0.142,0.139,0.153,0.145,0.076,0.076,0.077,600
C,0.081,0.08,0.077,0.138,0.131,0.135,0.131,0.144,0.134,0.074,0.076,0.077,600
D,0.078,0.081,0.082,0.144,0.131,0.141,0.133,0.142,0.135,0.079,0.076,0.076,600
E,0.079,0.078,0.078,0.144,0.135,0.139,0.137,0.14,0.135,0.078,0.078,0.081,600
F,0.079,0.077,0.078,0.147,0.13,0.144,0.135,0.143,0.137,0.08,0.081,0.077,600
G,0.077,0.079,0.078,0.14,0.132,0.14,0.133,0.141,0.135,0.077,0.078,0.076,600
H,0.079,0.077,0.079,0.077,0.078,0.076,0.077,0.078,0.076,0.078,0.076,0.08,600
,,,,,,,,,,,,,
,,,,,,,,,,,,,
,,,,,,,,,,,,,
Software Version,2.00.18,,,,,,,,,,,,
,,,,,,,,,,,,,
,,,,,,,,,,,,,
,,,,,,,,,,,,,
Plate Number,Plate 11,,,,,,,,,,,,
Date,18/10/2022,,,,,,,,,,,,
Time,09:51:31,,,,,,,,,,,,
Reader Type:,Synergy,,,,,,,,,,,,
Reader Serial Number:,232563,,,,,,,,,,,,
Reading Type,Reader,,,,,,,,,,,,
,,,,,,,,,,,,,
Procedure Details,,,,,,,,,,,,,
,,,,,,,,,,,,,
Plate Type,96 WELL PLATE,,,,,,,,,,,,
Read,Absorbance Endpoint,,,,,,,,,,,,
,Full Plate,,,,,,,,,,,,
,Wavelengths:  600,,,,,,,,,,,,
,Read Speed: Normal,,,,,,,,,,,,
,,,,,,,,,,,,,
,,,,,,,,,,,,,
,,,,,,,,,,,,,
Actual Temperature:,21.6,,,,,,,,,,,,
,,,,,,,,,,,,,
Results,,,,,,,,,,,,,
,1,2,3,4,5,6,7,8,9,10,11,12,
A,0.082,0.078,0.082,0.081,0.081,0.08,0.081,0.082,0.08,0.078,0.082,0.08,600
B,0.08,0.082,0.08,0.168,0.149,0.17,0.15,0.157,0.14,0.078,0.075,0.079,600
C,0.081,0.084,0.082,0.165,0.15,0.167,0.143,0.148,0.139,0.077,0.078,0.08,600
D,0.08,0.081,0.083,0.169,0.153,0.169,0.148,0.154,0.14,0.08,0.08,0.08,600
E,0.081,0.087,0.082,0.178,0.156,0.164,0.149,0.16,0.141,0.081,0.083,0.084,600
F,0.083,0.083,0.083,0.176,0.148,0.164,0.151,0.155,0.139,0.082,0.081,0.083,600
G,0.079,0.086,0.085,0.165,0.15,0.18,0.148,0.162,0.142,0.083,0.083,0.082,600
H,0.078,0.084,0.086,0.086,0.083,0.082,0.084,0.082,0.082,0.085,0.081,0.082,600
,,,,,,,,,,,,,
,,,,,,,,,,,,,
,,,,,,,,,,,,,
Software Version,2.00.18,,,,,,,,,,,,
,,,,,,,,,,,,,
,,,,,,,,,,,,,
,,,,,,,,,,,,,
Plate Number,Plate 12,,,,,,,,,,,,
Date,18/10/2022,,,,,,,,,,,,
Time,10:00:54,,,,,,,,,,,,
Reader Type:,Synergy,,,,,,,,,,,,
Reader Serial Number:,232563,,,,,,,,,,,,
Reading Type,Reader,,,,,,,,,,,,
,,,,,,,,,,,,,
Procedure Details,,,,,,,,,,,,,
,,,,,,,,,,,,,
Plate Type,96 WELL PLATE,,,,,,,,,,,,
Read,Absorbance Endpoint,,,,,,,,,,,,
,Full Plate,,,,,,,,,,,,
,Wavelengths:  600,,,,,,,,,,,,
,Read Speed: Normal,,,,,,,,,,,,
,,,,,,,,,,,,,
,,,,,,,,,,,,,
,,,,,,,,,,,,,
Actual Temperature:,21.7,,,,,,,,,,,,
,,,,,,,,,,,,,
Results,,,,,,,,,,,,,
,1,2,3,4,5,6,7,8,9,10,11,12,
A,0.103,0.113,0.114,0.102,0.104,0.124,0.136,0.134,0.12,0.118,0.115,0.111,600
B,0.081,0.128,0.105,0.198,0.159,0.202,0.181,0.212,0.172,0.116,0.136,0.108,600
C,0.111,0.149,0.114,0.209,0.152,0.181,0.158,0.185,0.161,0.119,0.117,0.105,600
D,0.129,0.144,0.117,0.211,0.173,0.207,0.167,0.179,0.167,0.129,0.128,0.113,600
E,0.083,0.151,0.143,0.232,0.186,0.218,0.17,0.188,0.163,0.133,0.132,0.116,600
F,0.084,0.163,0.132,0.247,0.179,0.204,0.165,0.181,0.171,0.136,0.136,0.109,600
G,0.121,0.173,0.12,0.236,0.178,0.207,0.16,0.198,0.173,0.127,0.129,0.107,600
H,0.126,0.144,0.15,0.159,0.169,0.19,0.163,0.15,0.146,0.136,0.114,0.102,600
,,,,,,,,,,,,,
,,,,,,,,,,,,,
,,,,,,,,,,,,,
Software Version,2.00.18,,,,,,,,,,,,
,,,,,,,,,,,,,
,,,,,,,,,,,,,
,,,,,,,,,,,,,
Plate Number,Plate 13,,,,,,,,,,,,
Date,18/10/2022,,,,,,,,,,,,
Time,13:34:08,,,,,,,,,,,,
Reader Type:,Synergy,,,,,,,,,,,,
Reader Serial Number:,232563,,,,,,,,,,,,
Reading Type,Reader,,,,,,,,,,,,
,,,,,,,,,,,,,
Procedure Details,,,,,,,,,,,,,
,,,,,,,,,,,,,
Plate Type,96 WELL PLATE,,,,,,,,,,,,
Read,Absorbance Endpoint,,,,,,,,,,,,
,Full Plate,,,,,,,,,,,,
,Wavelengths:  600,,,,,,,,,,,,
,Read Speed: Normal,,,,,,,,,,,,
,,,,,,,,,,,,,
,,,,,,,,,,,,,
,,,,,,,,,,,,,
Actual Temperature:,22.1,,,,,,,,,,,,
,,,,,,,,,,,,,
Results,,,,,,,,,,,,,
,1,2,3,4,5,6,7,8,9,10,11,12,
A,0.087,0.083,0.083,0.081,0.086,0.086,0.082,0.083,0.079,0.078,0.076,0.078,600
B,0.12,0.086,0.085,0.158,0.143,0.144,0.14,0.145,0.147,0.08,0.085,0.088,600
C,0.089,0.106,0.133,0.157,0.141,0.146,0.133,0.142,0.147,0.094,0.104,0.084,600
D,0.084,0.1,0.137,0.155,0.145,0.145,0.139,0.143,0.146,0.124,0.116,0.083,600
E,0.085,0.09,0.134,0.157,0.143,0.15,0.143,0.146,0.152,0.131,0.102,0.084,600
F,0.088,0.109,0.086,0.155,0.139,0.141,0.138,0.139,0.141,0.104,0.094,0.084,600
G,0.082,0.082,0.087,0.147,0.134,0.141,0.14,0.149,0.141,0.103,0.084,0.079,600
H,0.082,0.086,0.089,0.085,0.083,0.08,0.083,0.085,0.084,0.083,0.084,0.08,600
,,,,,,,,,,,,,
,,,,,,,,,,,,,
,,,,,,,,,,,,,
Software Version,2.00.18,,,,,,,,,,,,
,,,,,,,,,,,,,
,,,,,,,,,,,,,
,,,,,,,,,,,,,
Plate Number,Plate 14,,,,,,,,,,,,
Date,18/10/2022,,,,,,,,,,,,
Time,13:35:19,,,,,,,,,,,,
Reader Type:,Synergy,,,,,,,,,,,,
Reader Serial Number:,232563,,,,,,,,,,,,
Reading Type,Reader,,,,,,,,,,,,
,,,,,,,,,,,,,
Procedure Details,,,,,,,,,,,,,
,,,,,,,,,,,,,
Plate Type,96 WELL PLATE,,,,,,,,,,,,
Read,Absorbance Endpoint,,,,,,,,,,,,
,Full Plate,,,,,,,,,,,,
,Wavelengths:  600,,,,,,,,,,,,
,Read Speed: Normal,,,,,,,,,,,,
,,,,,,,,,,,,,
,,,,,,,,,,,,,
,,,,,,,,,,,,,
Actual Temperature:,22.1,,,,,,,,,,,,
,,,,,,,,,,,,,
Results,,,,,,,,,,,,,
,1,2,3,4,5,6,7,8,9,10,11,12,
A,0.139,0.118,0.131,0.107,0.098,0.095,0.096,0.085,0.088,0.089,0.086,0.079,600
B,0.136,0.144,0.141,0.157,0.153,0.146,0.143,0.146,0.141,0.089,0.093,0.085,600
C,0.124,0.146,0.132,0.156,0.151,0.144,0.137,0.145,0.14,0.105,0.098,0.084,600
D,0.119,0.135,0.135,0.16,0.154,0.157,0.148,0.15,0.144,0.127,0.109,0.082,600
E,0.104,0.131,0.12,0.161,0.142,0.148,0.142,0.142,0.137,0.131,0.106,0.085,600
F,0.095,0.099,0.112,0.154,0.143,0.144,0.136,0.145,0.139,0.092,0.091,0.079,600
G,0.084,0.091,0.083,0.154,0.142,0.135,0.133,0.134,0.134,0.084,0.08,0.078,600
H,0.08,0.08,0.08,0.081,0.083,0.086,0.085,0.083,0.082,0.08,0.079,0.078,600
,,,,,,,,,,,,,
,,,,,,,,,,,,,
,,,,,,,,,,,,,
Software Version,2.00.18,,,,,,,,,,,,
,,,,,,,,,,,,,
,,,,,,,,,,,,,
,,,,,,,,,,,,,
Plate Number,Plate 15,,,,,,,,,,,,
Date,18/10/2022,,,,,,,,,,,,
Time,13:38:08,,,,,,,,,,,,
Reader Type:,Synergy,,,,,,,,,,,,
Reader Serial Number:,232563,,,,,,,,,,,,
Reading Type,Reader,,,,,,,,,,,,
,,,,,,,,,,,,,
Procedure Details,,,,,,,,,,,,,
,,,,,,,,,,,,,
Plate Type,96 WELL PLATE,,,,,,,,,,,,
Read,Absorbance Endpoint,,,,,,,,,,,,
,Full Plate,,,,,,,,,,,,
,Wavelengths:  600,,,,,,,,,,,,
,Read Speed: Normal,,,,,,,,,,,,
,,,,,,,,,,,,,
,,,,,,,,,,,,,
,,,,,,,,,,,,,
Actual Temperature:,22.1,,,,,,,,,,,,
,,,,,,,,,,,,,
Results,,,,,,,,,,,,,
,1,2,3,4,5,6,7,8,9,10,11,12,
A,0.078,0.076,0.081,0.079,0.078,0.078,0.077,0.078,0.077,0.078,0.08,0.079,600
B,0.086,0.087,0.079,0.144,0.127,0.137,0.135,0.139,0.13,0.079,0.08,0.078,600
C,0.121,0.113,0.086,0.146,0.126,0.138,0.132,0.145,0.132,0.077,0.078,0.08,600
D,0.111,0.11,0.099,0.145,0.129,0.138,0.135,0.147,0.136,0.079,0.079,0.079,600
E,0.099,0.11,0.094,0.152,0.131,0.148,0.135,0.147,0.135,0.078,0.081,0.083,600
F,0.082,0.081,0.08,0.152,0.13,0.14,0.132,0.148,0.133,0.081,0.079,0.08,600
G,0.08,0.087,0.081,0.152,0.131,0.14,0.13,0.145,0.133,0.078,0.078,0.08,600
H,0.087,0.079,0.079,0.079,0.079,0.079,0.079,0.078,0.079,0.079,0.079,0.079,600
,,,,,,,,,,,,,
,,,,,,,,,,,,,
,,,,,,,,,,,,,
Software Version,2.00.18,,,,,,,,,,,,
,,,,,,,,,,,,,
,,,,,,,,,,,,,
,,,,,,,,,,,,,
Plate Number,Plate 16,,,,,,,,,,,,
Date,18/10/2022,,,,,,,,,,,,
Time,13:42:07,,,,,,,,,,,,
Reader Type:,Synergy,,,,,,,,,,,,
Reader Serial Number:,232563,,,,,,,,,,,,
Reading Type,Reader,,,,,,,,,,,,
,,,,,,,,,,,,,
Procedure Details,,,,,,,,,,,,,
,,,,,,,,,,,,,
Plate Type,96 WELL PLATE,,,,,,,,,,,,
Read,Absorbance Endpoint,,,,,,,,,,,,
,Full Plate,,,,,,,,,,,,
,Wavelengths:  600,,,,,,,,,,,,
,Read Speed: Normal,,,,,,,,,,,,
,,,,,,,,,,,,,
,,,,,,,,,,,,,
,,,,,,,,,,,,,
Actual Temperature:,22.1,,,,,,,,,,,,
,,,,,,,,,,,,,
Results,,,,,,,,,,,,,
,1,2,3,4,5,6,7,8,9,10,11,12,
A,0.083,0.079,0.083,0.083,0.122,0.132,0.179,0.161,0.12,0.093,0.079,0.08,600
B,0.079,0.092,0.099,0.162,0.151,0.172,0.154,0.162,0.143,0.098,0.088,0.078,600
C,0.081,0.105,0.099,0.154,0.13,0.155,0.132,0.151,0.135,0.079,0.078,0.078,600
D,0.079,0.104,0.094,0.16,0.132,0.165,0.132,0.153,0.135,0.078,0.077,0.077,600
E,0.08,0.087,0.079,0.161,0.135,0.159,0.136,0.149,0.136,0.079,0.079,0.082,600
F,0.08,0.087,0.078,0.166,0.131,0.175,0.137,0.153,0.138,0.081,0.082,0.078,600
G,0.079,0.094,0.078,0.159,0.132,0.166,0.133,0.155,0.136,0.078,0.079,0.077,600
H,0.08,0.079,0.08,0.078,0.078,0.077,0.078,0.079,0.077,0.079,0.077,0.081,600
,,,,,,,,,,,,,
,,,,,,,,,,,,,
,,,,,,,,,,,,,
Software Version,2.00.18,,,,,,,,,,,,
,,,,,,,,,,,,,
,,,,,,,,,,,,,
,,,,,,,,,,,,,
Plate Number,Plate 17,,,,,,,,,,,,
Date,18/10/2022,,,,,,,,,,,,
Time,13:44:05,,,,,,,,,,,,
Reader Type:,Synergy,,,,,,,,,,,,
Reader Serial Number:,232563,,,,,,,,,,,,
Reading Type,Reader,,,,,,,,,,,,
,,,,,,,,,,,,,
Procedure Details,,,,,,,,,,,,,
,,,,,,,,,,,,,
Plate Type,96 WELL PLATE,,,,,,,,,,,,
Read,Absorbance Endpoint,,,,,,,,,,,,
,Full Plate,,,,,,,,,,,,
,Wavelengths:  600,,,,,,,,,,,,
,Read Speed: Normal,,,,,,,,,,,,
,,,,,,,,,,,,,
,,,,,,,,,,,,,
,,,,,,,,,,,,,
Actual Temperature:,22.2,,,,,,,,,,,,
,,,,,,,,,,,,,
Results,,,,,,,,,,,,,
,1,2,3,4,5,6,7,8,9,10,11,12,
A,0.082,0.078,0.081,0.081,0.081,0.08,0.081,0.083,0.08,0.079,0.084,0.081,600
B,0.08,0.082,0.079,0.189,0.149,0.197,0.151,0.178,0.142,0.078,0.076,0.079,600
C,0.081,0.083,0.081,0.183,0.149,0.194,0.145,0.163,0.139,0.078,0.078,0.08,600
D,0.08,0.081,0.083,0.184,0.153,0.193,0.149,0.177,0.141,0.087,0.08,0.08,600
E,0.082,0.086,0.084,0.197,0.156,0.189,0.15,0.184,0.142,0.081,0.084,0.084,600
F,0.084,0.083,0.082,0.191,0.147,0.194,0.152,0.171,0.139,0.082,0.081,0.083,600
G,0.08,0.086,0.085,0.19,0.151,0.207,0.148,0.185,0.143,0.083,0.083,0.081,600
H,0.082,0.083,0.085,0.085,0.082,0.082,0.084,0.083,0.082,0.085,0.081,0.081,600
,,,,,,,,,,,,,
,,,,,,,,,,,,,
,,,,,,,,,,,,,
Software Version,2.00.18,,,,,,,,,,,,
,,,,,,,,,,,,,
,,,,,,,,,,,,,
,,,,,,,,,,,,,
Plate Number,Plate 18,,,,,,,,,,,,
Date,18/10/2022,,,,,,,,,,,,
Time,13:47:03,,,,,,,,,,,,
Reader Type:,Synergy,,,,,,,,,,,,
Reader Serial Number:,232563,,,,,,,,,,,,
Reading Type,Reader,,,,,,,,,,,,
,,,,,,,,,,,,,
Procedure Details,,,,,,,,,,,,,
,,,,,,,,,,,,,
Plate Type,96 WELL PLATE,,,,,,,,,,,,
Read,Absorbance Endpoint,,,,,,,,,,,,
,Full Plate,,,,,,,,,,,,
,Wavelengths:  600,,,,,,,,,,,,
,Read Speed: Normal,,,,,,,,,,,,
,,,,,,,,,,,,,
,,,,,,,,,,,,,
,,,,,,,,,,,,,
Actual Temperature:,22.3,,,,,,,,,,,,
,,,,,,,,,,,,,
Results,,,,,,,,,,,,,
,1,2,3,4,5,6,7,8,9,10,11,12,
A,0.085,0.088,0.094,0.095,0.088,0.091,0.089,0.095,0.088,0.086,0.083,0.094,600
B,0.094,0.119,0.101,0.214,0.154,0.216,0.158,0.201,0.151,0.103,0.09,0.086,600
C,0.116,0.117,0.112,0.224,0.163,0.216,0.153,0.197,0.151,0.098,0.109,0.085,600
D,0.116,0.123,0.108,0.223,0.16,0.228,0.148,0.193,0.163,0.104,0.108,0.093,600
E,0.105,0.127,0.115,0.22,0.156,0.223,0.152,0.21,0.16,0.115,0.115,0.096,600
F,0.103,0.122,0.1,0.218,0.156,0.228,0.148,0.203,0.156,0.113,0.117,0.092,600
G,0.098,0.109,0.105,0.213,0.156,0.216,0.148,0.207,0.154,0.103,0.109,0.092,600
H,0.097,0.102,0.099,0.1,0.107,0.102,0.102,0.1,0.099,0.102,0.096,0.091,600
,,,,,,,,,,,,,
,,,,,,,,,,,,,
,,,,,,,,,,,,,
Software Version,2.00.18,,,,,,,,,,,,
,,,,,,,,,,,,,
,,,,,,,,,,,,,
,,,,,,,,,,,,,
Plate Number,Plate 19,,,,,,,,,,,,
Date,18/10/2022,,,,,,,,,,,,
Time,17:39:48,,,,,,,,,,,,
Reader Type:,Synergy,,,,,,,,,,,,
Reader Serial Number:,232563,,,,,,,,,,,,
Reading Type,Reader,,,,,,,,,,,,
,,,,,,,,,,,,,
Procedure Details,,,,,,,,,,,,,
,,,,,,,,,,,,,
Plate Type,96 WELL PLATE,,,,,,,,,,,,
Read,Absorbance Endpoint,,,,,,,,,,,,
,Full Plate,,,,,,,,,,,,
,Wavelengths:  600,,,,,,,,,,,,
,Read Speed: Normal,,,,,,,,,,,,
,,,,,,,,,,,,,
,,,,,,,,,,,,,
,,,,,,,,,,,,,
Actual Temperature:,22.8,,,,,,,,,,,,
,,,,,,,,,,,,,
Results,,,,,,,,,,,,,
,1,2,3,4,5,6,7,8,9,10,11,12,
A,0.088,0.083,0.082,0.082,0.082,0.082,0.082,0.083,0.079,0.078,0.077,0.078,600
B,0.099,0.082,0.082,0.144,0.134,0.142,0.138,0.152,0.137,0.077,0.074,0.079,600
C,0.085,0.106,0.118,0.148,0.134,0.141,0.135,0.141,0.134,0.079,0.08,0.08,600
D,0.084,0.096,0.127,0.146,0.135,0.14,0.137,0.149,0.137,0.094,0.086,0.08,600
E,0.084,0.086,0.119,0.15,0.138,0.141,0.146,0.149,0.144,0.112,0.082,0.083,600
F,0.082,0.082,0.083,0.149,0.136,0.142,0.144,0.142,0.14,0.085,0.081,0.084,600
G,0.081,0.082,0.083,0.145,0.138,0.142,0.141,0.152,0.142,0.087,0.081,0.079,600
H,0.08,0.085,0.082,0.082,0.082,0.08,0.081,0.083,0.08,0.082,0.083,0.08,600
,,,,,,,,,,,,,
,,,,,,,,,,,,,
,,,,,,,,,,,,,
Software Version,2.00.18,,,,,,,,,,,,
,,,,,,,,,,,,,
,,,,,,,,,,,,,
,,,,,,,,,,,,,
Plate Number,Plate 20,,,,,,,,,,,,
Date,18/10/2022,,,,,,,,,,,,
Time,17:41:46,,,,,,,,,,,,
Reader Type:,Synergy,,,,,,,,,,,,
Reader Serial Number:,232563,,,,,,,,,,,,
Reading Type,Reader,,,,,,,,,,,,
,,,,,,,,,,,,,
Procedure Details,,,,,,,,,,,,,
,,,,,,,,,,,,,
Plate Type,96 WELL PLATE,,,,,,,,,,,,
Read,Absorbance Endpoint,,,,,,,,,,,,
,Full Plate,,,,,,,,,,,,
,Wavelengths:  600,,,,,,,,,,,,
,Read Speed: Normal,,,,,,,,,,,,
,,,,,,,,,,,,,
,,,,,,,,,,,,,
,,,,,,,,,,,,,
Actual Temperature:,22.7,,,,,,,,,,,,
,,,,,,,,,,,,,
Results,,,,,,,,,,,,,
,1,2,3,4,5,6,7,8,9,10,11,12,
A,0.125,0.111,0.101,0.088,0.085,0.09,0.094,0.084,0.082,0.079,0.081,0.084,600
B,0.13,0.132,0.13,0.151,0.139,0.143,0.137,0.149,0.136,0.082,0.084,0.082,600
C,0.118,0.141,0.136,0.148,0.141,0.14,0.133,0.15,0.135,0.09,0.083,0.08,600
D,0.108,0.132,0.141,0.154,0.14,0.147,0.138,0.155,0.137,0.114,0.091,0.081,600
E,0.096,0.128,0.118,0.16,0.138,0.147,0.137,0.148,0.135,0.114,0.091,0.084,600
F,0.087,0.084,0.095,0.155,0.138,0.144,0.134,0.152,0.135,0.08,0.082,0.079,600
G,0.084,0.083,0.081,0.151,0.136,0.142,0.135,0.144,0.134,0.08,0.08,0.078,600
H,0.08,0.08,0.08,0.081,0.081,0.082,0.082,0.081,0.083,0.08,0.079,0.078,600
,,,,,,,,,,,,,
,,,,,,,,,,,,,
,,,,,,,,,,,,,
Software Version,2.00.18,,,,,,,,,,,,
,,,,,,,,,,,,,
,,,,,,,,,,,,,
,,,,,,,,,,,,,
Plate Number,Plate 21,,,,,,,,,,,,
Date,18/10/2022,,,,,,,,,,,,
Time,17:43:55,,,,,,,,,,,,
Reader Type:,Synergy,,,,,,,,,,,,
Reader Serial Number:,232563,,,,,,,,,,,,
Reading Type,Reader,,,,,,,,,,,,
,,,,,,,,,,,,,
Procedure Details,,,,,,,,,,,,,
,,,,,,,,,,,,,
Plate Type,96 WELL PLATE,,,,,,,,,,,,
Read,Absorbance Endpoint,,,,,,,,,,,,
,Full Plate,,,,,,,,,,,,
,Wavelengths:  600,,,,,,,,,,,,
,Read Speed: Normal,,,,,,,,,,,,
,,,,,,,,,,,,,
,,,,,,,,,,,,,
,,,,,,,,,,,,,
Actual Temperature:,22.7,,,,,,,,,,,,
,,,,,,,,,,,,,
Results,,,,,,,,,,,,,
,1,2,3,4,5,6,7,8,9,10,11,12,
A,0.08,0.076,0.081,0.079,0.078,0.078,0.077,0.079,0.078,0.078,0.082,0.08,600
B,0.083,0.083,0.08,0.158,0.128,0.145,0.133,0.149,0.13,0.079,0.08,0.079,600
C,0.082,0.081,0.081,0.163,0.129,0.148,0.13,0.157,0.135,0.077,0.079,0.081,600
D,0.081,0.083,0.082,0.154,0.132,0.146,0.134,0.156,0.135,0.08,0.08,0.079,600
E,0.09,0.088,0.086,0.168,0.133,0.154,0.133,0.158,0.136,0.079,0.081,0.083,600
F,0.082,0.081,0.08,0.173,0.133,0.149,0.132,0.157,0.132,0.08,0.079,0.081,600
G,0.081,0.087,0.081,0.16,0.137,0.149,0.132,0.152,0.131,0.078,0.079,0.082,600
H,0.088,0.08,0.081,0.08,0.079,0.079,0.079,0.079,0.08,0.079,0.079,0.08,600
,,,,,,,,,,,,,
,,,,,,,,,,,,,
,,,,,,,,,,,,,
Software Version,2.00.18,,,,,,,,,,,,
,,,,,,,,,,,,,
,,,,,,,,,,,,,
,,,,,,,,,,,,,
Plate Number,Plate 22,,,,,,,,,,,,
Date,18/10/2022,,,,,,,,,,,,
Time,17:48:27,,,,,,,,,,,,
Reader Type:,Synergy,,,,,,,,,,,,
Reader Serial Number:,232563,,,,,,,,,,,,
Reading Type,Reader,,,,,,,,,,,,
,,,,,,,,,,,,,
Procedure Details,,,,,,,,,,,,,
,,,,,,,,,,,,,
Plate Type,96 WELL PLATE,,,,,,,,,,,,
Read,Absorbance Endpoint,,,,,,,,,,,,
,Full Plate,,,,,,,,,,,,
,Wavelengths:  600,,,,,,,,,,,,
,Read Speed: Normal,,,,,,,,,,,,
,,,,,,,,,,,,,
,,,,,,,,,,,,,
,,,,,,,,,,,,,
Actual Temperature:,22.8,,,,,,,,,,,,
,,,,,,,,,,,,,
Results,,,,,,,,,,,,,
,1,2,3,4,5,6,7,8,9,10,11,12,
A,0.084,0.08,0.083,0.085,0.099,0.139,0.189,0.174,0.113,0.078,0.079,0.081,600
B,0.081,0.08,0.08,0.183,0.138,0.197,0.139,0.189,0.144,0.077,0.075,0.079,600
C,0.081,0.089,0.078,0.184,0.133,0.205,0.136,0.187,0.14,0.079,0.077,0.078,600
D,0.081,0.082,0.085,0.185,0.135,0.2,0.137,0.185,0.139,0.078,0.077,0.078,600
E,0.081,0.081,0.079,0.197,0.14,0.198,0.141,0.188,0.14,0.08,0.08,0.083,600
F,0.081,0.079,0.079,0.194,0.135,0.206,0.142,0.196,0.142,0.082,0.082,0.079,600
G,0.08,0.082,0.079,0.195,0.137,0.197,0.137,0.2,0.14,0.078,0.08,0.078,600
H,0.081,0.08,0.081,0.079,0.079,0.078,0.079,0.08,0.078,0.08,0.078,0.082,600
,,,,,,,,,,,,,
,,,,,,,,,,,,,
,,,,,,,,,,,,,
Software Version,2.00.18,,,,,,,,,,,,
,,,,,,,,,,,,,
,,,,,,,,,,,,,
,,,,,,,,,,,,,
Plate Number,Plate 23,,,,,,,,,,,,
Date,18/10/2022,,,,,,,,,,,,
Time,17:50:09,,,,,,,,,,,,
Reader Type:,Synergy,,,,,,,,,,,,
Reader Serial Number:,232563,,,,,,,,,,,,
Reading Type,Reader,,,,,,,,,,,,
,,,,,,,,,,,,,
Procedure Details,,,,,,,,,,,,,
,,,,,,,,,,,,,
Plate Type,96 WELL PLATE,,,,,,,,,,,,
Read,Absorbance Endpoint,,,,,,,,,,,,
,Full Plate,,,,,,,,,,,,
,Wavelengths:  600,,,,,,,,,,,,
,Read Speed: Normal,,,,,,,,,,,,
,,,,,,,,,,,,,
,,,,,,,,,,,,,
,,,,,,,,,,,,,
Actual Temperature:,22.8,,,,,,,,,,,,
,,,,,,,,,,,,,
Results,,,,,,,,,,,,,
,1,2,3,4,5,6,7,8,9,10,11,12,
A,0.082,0.079,0.081,0.081,0.081,0.081,0.081,0.083,0.082,0.08,0.084,0.08,600
B,0.081,0.081,0.079,0.214,0.15,0.205,0.154,0.214,0.147,0.078,0.074,0.079,600
C,0.082,0.083,0.081,0.213,0.151,0.207,0.147,0.195,0.136,0.076,0.077,0.08,600
D,0.08,0.082,0.083,0.215,0.154,0.21,0.152,0.204,0.148,0.08,0.079,0.079,600
E,0.082,0.087,0.083,0.221,0.155,0.203,0.153,0.204,0.141,0.08,0.083,0.084,600
F,0.085,0.083,0.082,0.216,0.147,0.213,0.154,0.201,0.139,0.081,0.08,0.083,600
G,0.087,0.086,0.085,0.221,0.152,0.207,0.149,0.209,0.145,0.081,0.082,0.08,600
H,0.082,0.083,0.085,0.084,0.082,0.082,0.083,0.082,0.081,0.083,0.079,0.079,600
,,,,,,,,,,,,,
,,,,,,,,,,,,,
,,,,,,,,,,,,,
Software Version,2.00.18,,,,,,,,,,,,
,,,,,,,,,,,,,
,,,,,,,,,,,,,
,,,,,,,,,,,,,
Plate Number,Plate 24,,,,,,,,,,,,
Date,18/10/2022,,,,,,,,,,,,
Time,17:52:29,,,,,,,,,,,,
Reader Type:,Synergy,,,,,,,,,,,,
Reader Serial Number:,232563,,,,,,,,,,,,
Reading Type,Reader,,,,,,,,,,,,
,,,,,,,,,,,,,
Procedure Details,,,,,,,,,,,,,
,,,,,,,,,,,,,
Plate Type,96 WELL PLATE,,,,,,,,,,,,
Read,Absorbance Endpoint,,,,,,,,,,,,
,Full Plate,,,,,,,,,,,,
,Wavelengths:  600,,,,,,,,,,,,
,Read Speed: Normal,,,,,,,,,,,,
,,,,,,,,,,,,,
,,,,,,,,,,,,,
,,,,,,,,,,,,,
Actual Temperature:,22.8,,,,,,,,,,,,
,,,,,,,,,,,,,
Results,,,,,,,,,,,,,
,1,2,3,4,5,6,7,8,9,10,11,12,
A,0.082,0.083,0.088,0.089,0.083,0.085,0.086,0.088,0.081,0.08,0.079,0.104,600
B,0.152,0.195,0.17,0.263,0.189,0.268,0.212,0.265,0.204,0.145,0.149,0.078,600
C,0.211,0.205,0.179,0.264,0.198,0.259,0.199,0.249,0.196,0.151,0.161,0.093,600
D,0.205,0.198,0.164,0.283,0.205,0.275,0.206,0.235,0.2,0.147,0.169,0.109,600
E,0.176,0.197,0.169,0.238,0.175,0.254,0.196,0.234,0.193,0.152,0.161,0.105,600
F,0.109,0.139,0.154,0.238,0.161,0.226,0.168,0.227,0.167,0.15,0.159,0.091,600
G,0.097,0.192,0.116,0.226,0.142,0.208,0.143,0.224,0.147,0.14,0.155,0.095,600
H,0.097,0.104,0.09,0.082,0.092,0.111,0.123,0.107,0.08,0.084,0.083,0.088,600
,,,,,,,,,,,,,
,,,,,,,,,,,,,
,,,,,,,,,,,,,
Software Version,2.00.18,,,,,,,,,,,,
,,,,,,,,,,,,,
,,,,,,,,,,,,,
,,,,,,,,,,,,,
Plate Number,Plate 25,,,,,,,,,,,,
Date,18/10/2022,,,,,,,,,,,,
Time,21:41:00,,,,,,,,,,,,
Reader Type:,Synergy,,,,,,,,,,,,
Reader Serial Number:,232563,,,,,,,,,,,,
Reading Type,Reader,,,,,,,,,,,,
,,,,,,,,,,,,,
Procedure Details,,,,,,,,,,,,,
,,,,,,,,,,,,,
Plate Type,96 WELL PLATE,,,,,,,,,,,,
Read,Absorbance Endpoint,,,,,,,,,,,,
,Full Plate,,,,,,,,,,,,
,Wavelengths:  600,,,,,,,,,,,,
,Read Speed: Normal,,,,,,,,,,,,
,,,,,,,,,,,,,
,,,,,,,,,,,,,
,,,,,,,,,,,,,
Actual Temperature:,22.1,,,,,,,,,,,,
,,,,,,,,,,,,,
Results,,,,,,,,,,,,,
,1,2,3,4,5,6,7,8,9,10,11,12,
A,0.089,0.082,0.083,0.081,0.081,0.081,0.081,0.081,0.079,0.077,0.077,0.078,600
B,0.101,0.082,0.081,0.16,0.144,0.147,0.141,0.152,0.141,0.076,0.073,0.079,600
C,0.085,0.092,0.105,0.165,0.141,0.144,0.133,0.15,0.142,0.078,0.077,0.079,600
D,0.084,0.088,0.107,0.161,0.143,0.147,0.139,0.155,0.14,0.08,0.081,0.08,600
E,0.083,0.082,0.086,0.167,0.145,0.144,0.145,0.158,0.148,0.083,0.081,0.083,600
F,0.082,0.081,0.082,0.164,0.143,0.146,0.139,0.148,0.143,0.084,0.08,0.084,600
G,0.082,0.081,0.082,0.159,0.137,0.146,0.141,0.164,0.143,0.086,0.081,0.079,600
H,0.079,0.085,0.082,0.08,0.081,0.079,0.08,0.082,0.079,0.082,0.083,0.08,600
,,,,,,,,,,,,,
,,,,,,,,,,,,,
,,,,,,,,,,,,,
Software Version,2.00.18,,,,,,,,,,,,
,,,,,,,,,,,,,
,,,,,,,,,,,,,
,,,,,,,,,,,,,
Plate Number,Plate 26,,,,,,,,,,,,
Date,18/10/2022,,,,,,,,,,,,
Time,21:43:16,,,,,,,,,,,,
Reader Type:,Synergy,,,,,,,,,,,,
Reader Serial Number:,232563,,,,,,,,,,,,
Reading Type,Reader,,,,,,,,,,,,
,,,,,,,,,,,,,
Procedure Details,,,,,,,,,,,,,
,,,,,,,,,,,,,
Plate Type,96 WELL PLATE,,,,,,,,,,,,
Read,Absorbance Endpoint,,,,,,,,,,,,
,Full Plate,,,,,,,,,,,,
,Wavelengths:  600,,,,,,,,,,,,
,Read Speed: Normal,,,,,,,,,,,,
,,,,,,,,,,,,,
,,,,,,,,,,,,,
,,,,,,,,,,,,,
Actual Temperature:,22.1,,,,,,,,,,,,
,,,,,,,,,,,,,
Results,,,,,,,,,,,,,
,1,2,3,4,5,6,7,8,9,10,11,12,
A,0.122,0.1,0.081,0.083,0.084,0.086,0.086,0.083,0.082,0.079,0.08,0.08,600
B,0.128,0.128,0.122,0.152,0.138,0.142,0.137,0.151,0.135,0.08,0.083,0.079,600
C,0.114,0.138,0.132,0.149,0.14,0.14,0.133,0.154,0.134,0.081,0.081,0.08,600
D,0.102,0.127,0.137,0.152,0.139,0.146,0.136,0.158,0.136,0.084,0.08,0.081,600
E,0.091,0.118,0.113,0.158,0.137,0.145,0.137,0.152,0.134,0.083,0.091,0.084,600
F,0.087,0.084,0.083,0.155,0.138,0.142,0.133,0.155,0.134,0.08,0.082,0.079,600
G,0.083,0.083,0.081,0.157,0.135,0.142,0.134,0.152,0.133,0.08,0.079,0.078,600
H,0.081,0.081,0.081,0.081,0.081,0.082,0.082,0.081,0.083,0.08,0.079,0.078,600
,,,,,,,,,,,,,
,,,,,,,,,,,,,
,,,,,,,,,,,,,
Software Version,2.00.18,,,,,,,,,,,,
,,,,,,,,,,,,,
,,,,,,,,,,,,,
,,,,,,,,,,,,,
Plate Number,Plate 27,,,,,,,,,,,,
Date,18/10/2022,,,,,,,,,,,,
Time,21:47:08,,,,,,,,,,,,
Reader Type:,Synergy,,,,,,,,,,,,
Reader Serial Number:,232563,,,,,,,,,,,,
Reading Type,Reader,,,,,,,,,,,,
,,,,,,,,,,,,,
Procedure Details,,,,,,,,,,,,,
,,,,,,,,,,,,,
Plate Type,96 WELL PLATE,,,,,,,,,,,,
Read,Absorbance Endpoint,,,,,,,,,,,,
,Full Plate,,,,,,,,,,,,
,Wavelengths:  600,,,,,,,,,,,,
,Read Speed: Normal,,,,,,,,,,,,
,,,,,,,,,,,,,
,,,,,,,,,,,,,
,,,,,,,,,,,,,
Actual Temperature:,22,,,,,,,,,,,,
,,,,,,,,,,,,,
Results,,,,,,,,,,,,,
,1,2,3,4,5,6,7,8,9,10,11,12,
A,0.08,0.076,0.081,0.08,0.079,0.079,0.078,0.08,0.078,0.079,0.081,0.08,600
B,0.083,0.082,0.08,0.187,0.137,0.18,0.141,0.17,0.138,0.079,0.081,0.079,600
C,0.08,0.081,0.082,0.188,0.131,0.167,0.138,0.181,0.136,0.077,0.078,0.081,600
D,0.081,0.081,0.082,0.182,0.135,0.17,0.14,0.183,0.144,0.078,0.08,0.08,600
E,0.09,0.092,0.085,0.193,0.138,0.216,0.141,0.192,0.14,0.079,0.082,0.083,600
F,0.082,0.08,0.08,0.193,0.133,0.164,0.138,0.192,0.14,0.081,0.08,0.081,600
G,0.08,0.086,0.081,0.196,0.131,0.17,0.134,0.187,0.14,0.078,0.079,0.081,600
H,0.086,0.079,0.079,0.08,0.08,0.079,0.079,0.08,0.079,0.079,0.079,0.08,600
,,,,,,,,,,,,,
,,,,,,,,,,,,,
,,,,,,,,,,,,,
Software Version,2.00.18,,,,,,,,,,,,
,,,,,,,,,,,,,
,,,,,,,,,,,,,
,,,,,,,,,,,,,
Plate Number,Plate 28,,,,,,,,,,,,
Date,18/10/2022,,,,,,,,,,,,
Time,21:49:34,,,,,,,,,,,,
Reader Type:,Synergy,,,,,,,,,,,,
Reader Serial Number:,232563,,,,,,,,,,,,
Reading Type,Reader,,,,,,,,,,,,
,,,,,,,,,,,,,
Procedure Details,,,,,,,,,,,,,
,,,,,,,,,,,,,
Plate Type,96 WELL PLATE,,,,,,,,,,,,
Read,Absorbance Endpoint,,,,,,,,,,,,
,Full Plate,,,,,,,,,,,,
,Wavelengths:  600,,,,,,,,,,,,
,Read Speed: Normal,,,,,,,,,,,,
,,,,,,,,,,,,,
,,,,,,,,,,,,,
,,,,,,,,,,,,,
Actual Temperature:,22,,,,,,,,,,,,
,,,,,,,,,,,,,
Results,,,,,,,,,,,,,
,1,2,3,4,5,6,7,8,9,10,11,12,
A,0.082,0.08,0.083,0.095,0.087,0.119,0.178,0.144,0.084,0.078,0.079,0.083,600
B,0.082,0.08,0.079,0.204,0.144,0.216,0.147,0.223,0.152,0.077,0.075,0.079,600
C,0.089,0.105,0.097,0.203,0.142,0.192,0.141,0.211,0.143,0.078,0.094,0.079,600
D,0.105,0.11,0.101,0.207,0.141,0.214,0.143,0.207,0.143,0.078,0.097,0.092,600
E,0.093,0.108,0.095,0.215,0.147,0.194,0.145,0.201,0.143,0.08,0.1,0.1,600
F,0.092,0.107,0.083,0.209,0.139,0.179,0.145,0.204,0.145,0.082,0.098,0.081,600
G,0.081,0.11,0.082,0.213,0.141,0.189,0.141,0.22,0.143,0.079,0.08,0.078,600
H,0.08,0.083,0.081,0.079,0.079,0.078,0.079,0.08,0.078,0.08,0.078,0.079,600
,,,,,,,,,,,,,
,,,,,,,,,,,,,
,,,,,,,,,,,,,
Software Version,2.00.18,,,,,,,,,,,,
,,,,,,,,,,,,,
,,,,,,,,,,,,,
,,,,,,,,,,,,,
Plate Number,Plate 29,,,,,,,,,,,,
Date,18/10/2022,,,,,,,,,,,,
Time,21:51:16,,,,,,,,,,,,
Reader Type:,Synergy,,,,,,,,,,,,
Reader Serial Number:,232563,,,,,,,,,,,,
Reading Type,Reader,,,,,,,,,,,,
,,,,,,,,,,,,,
Procedure Details,,,,,,,,,,,,,
,,,,,,,,,,,,,
Plate Type,96 WELL PLATE,,,,,,,,,,,,
Read,Absorbance Endpoint,,,,,,,,,,,,
,Full Plate,,,,,,,,,,,,
,Wavelengths:  600,,,,,,,,,,,,
,Read Speed: Normal,,,,,,,,,,,,
,,,,,,,,,,,,,
,,,,,,,,,,,,,
,,,,,,,,,,,,,
Actual Temperature:,22,,,,,,,,,,,,
,,,,,,,,,,,,,
Results,,,,,,,,,,,,,
,1,2,3,4,5,6,7,8,9,10,11,12,
A,0.082,0.079,0.082,0.081,0.08,0.081,0.081,0.083,0.082,0.079,0.082,0.08,600
B,0.081,0.082,0.081,0.223,0.154,0.201,0.147,0.22,0.141,0.079,0.075,0.08,600
C,0.081,0.084,0.082,0.218,0.155,0.199,0.14,0.214,0.145,0.078,0.079,0.081,600
D,0.081,0.082,0.083,0.231,0.157,0.204,0.147,0.217,0.146,0.081,0.081,0.081,600
E,0.082,0.087,0.084,0.231,0.162,0.197,0.149,0.224,0.148,0.082,0.085,0.086,600
F,0.085,0.084,0.083,0.233,0.151,0.208,0.148,0.214,0.146,0.083,0.082,0.084,600
G,0.089,0.087,0.086,0.235,0.155,0.2,0.147,0.222,0.149,0.084,0.084,0.083,600
H,0.084,0.086,0.087,0.086,0.084,0.084,0.084,0.084,0.083,0.085,0.082,0.082,600
,,,,,,,,,,,,,
,,,,,,,,,,,,,
,,,,,,,,,,,,,
Software Version,2.00.18,,,,,,,,,,,,
,,,,,,,,,,,,,
,,,,,,,,,,,,,
,,,,,,,,,,,,,
Plate Number,Plate 30,,,,,,,,,,,,
Date,18/10/2022,,,,,,,,,,,,
Time,21:52:52,,,,,,,,,,,,
Reader Type:,Synergy,,,,,,,,,,,,
Reader Serial Number:,232563,,,,,,,,,,,,
Reading Type,Reader,,,,,,,,,,,,
,,,,,,,,,,,,,
Procedure Details,,,,,,,,,,,,,
,,,,,,,,,,,,,
Plate Type,96 WELL PLATE,,,,,,,,,,,,
Read,Absorbance Endpoint,,,,,,,,,,,,
,Full Plate,,,,,,,,,,,,
,Wavelengths:  600,,,,,,,,,,,,
,Read Speed: Normal,,,,,,,,,,,,
,,,,,,,,,,,,,
,,,,,,,,,,,,,
,,,,,,,,,,,,,
Actual Temperature:,22.1,,,,,,,,,,,,
,,,,,,,,,,,,,
Results,,,,,,,,,,,,,
,1,2,3,4,5,6,7,8,9,10,11,12,
A,0.089,0.081,0.094,0.095,0.084,0.091,0.089,0.087,0.08,0.077,0.078,0.094,600
B,0.196,0.235,0.213,0.289,0.223,0.296,0.254,0.326,0.239,0.175,0.179,0.081,600
C,0.254,0.252,0.219,0.283,0.228,0.298,0.235,0.301,0.232,0.188,0.197,0.083,600
D,0.254,0.238,0.202,0.311,0.238,0.31,0.239,0.294,0.23,0.185,0.202,0.115,600
E,0.217,0.245,0.208,0.248,0.21,0.295,0.226,0.271,0.221,0.184,0.191,0.109,600
F,0.151,0.178,0.197,0.258,0.185,0.248,0.189,0.266,0.182,0.177,0.188,0.094,600
G,0.129,0.238,0.139,0.229,0.148,0.221,0.146,0.243,0.158,0.165,0.186,0.094,600
H,0.103,0.107,0.103,0.096,0.093,0.125,0.143,0.118,0.101,0.097,0.096,0.092,600
,,,,,,,,,,,,,
,,,,,,,,,,,,,
,,,,,,,,,,,,,
Software Version,2.00.18,,,,,,,,,,,,
,,,,,,,,,,,,,
,,,,,,,,,,,,,
,,,,,,,,,,,,,
Plate Number,Plate 31,,,,,,,,,,,,
Date,19/10/2022,,,,,,,,,,,,
Time,09:57:16,,,,,,,,,,,,
Reader Type:,Synergy,,,,,,,,,,,,
Reader Serial Number:,232563,,,,,,,,,,,,
Reading Type,Reader,,,,,,,,,,,,
,,,,,,,,,,,,,
Procedure Details,,,,,,,,,,,,,
,,,,,,,,,,,,,
Plate Type,96 WELL PLATE,,,,,,,,,,,,
Read,Absorbance Endpoint,,,,,,,,,,,,
,Full Plate,,,,,,,,,,,,
,Wavelengths:  600,,,,,,,,,,,,
,Read Speed: Normal,,,,,,,,,,,,
,,,,,,,,,,,,,
,,,,,,,,,,,,,
,,,,,,,,,,,,,
Actual Temperature:,21.3,,,,,,,,,,,,
,,,,,,,,,,,,,
Results,,,,,,,,,,,,,
,1,2,3,4,5,6,7,8,9,10,11,12,
A,0.085,0.081,0.082,0.082,0.081,0.08,0.08,0.082,0.078,0.077,0.076,0.078,600
B,0.09,0.082,0.081,0.164,0.135,0.15,0.138,0.17,0.137,0.076,0.073,0.078,600
C,0.085,0.081,0.08,0.173,0.136,0.149,0.134,0.179,0.143,0.077,0.076,0.079,600
D,0.084,0.082,0.08,0.176,0.138,0.153,0.142,0.186,0.14,0.08,0.082,0.08,600
E,0.083,0.083,0.085,0.18,0.142,0.154,0.148,0.19,0.146,0.082,0.082,0.084,600
F,0.082,0.081,0.082,0.186,0.141,0.158,0.148,0.182,0.145,0.084,0.081,0.085,600
G,0.082,0.083,0.082,0.178,0.141,0.153,0.143,0.195,0.144,0.088,0.082,0.08,600
H,0.08,0.085,0.081,0.082,0.082,0.08,0.08,0.083,0.08,0.082,0.083,0.081,600
,,,,,,,,,,,,,
,,,,,,,,,,,,,
,,,,,,,,,,,,,
Software Version,2.00.18,,,,,,,,,,,,
,,,,,,,,,,,,,
,,,,,,,,,,,,,
,,,,,,,,,,,,,
Plate Number,Plate 32,,,,,,,,,,,,
Date,19/10/2022,,,,,,,,,,,,
Time,09:59:33,,,,,,,,,,,,
Reader Type:,Synergy,,,,,,,,,,,,
Reader Serial Number:,232563,,,,,,,,,,,,
Reading Type,Reader,,,,,,,,,,,,
,,,,,,,,,,,,,
Procedure Details,,,,,,,,,,,,,
,,,,,,,,,,,,,
Plate Type,96 WELL PLATE,,,,,,,,,,,,
Read,Absorbance Endpoint,,,,,,,,,,,,
,Full Plate,,,,,,,,,,,,
,Wavelengths:  600,,,,,,,,,,,,
,Read Speed: Normal,,,,,,,,,,,,
,,,,,,,,,,,,,
,,,,,,,,,,,,,
,,,,,,,,,,,,,
Actual Temperature:,21.3,,,,,,,,,,,,
,,,,,,,,,,,,,
Results,,,,,,,,,,,,,
,1,2,3,4,5,6,7,8,9,10,11,12,
A,0.094,0.07,0.076,0.081,0.08,0.083,0.082,0.084,0.081,0.08,0.08,0.081,600
B,0.102,0.093,0.085,0.194,0.133,0.199,0.133,0.183,0.133,0.08,0.082,0.079,600
C,0.099,0.11,0.102,0.202,0.138,0.199,0.134,0.192,0.134,0.081,0.08,0.08,600
D,0.09,0.107,0.1,0.201,0.138,0.204,0.136,0.211,0.133,0.081,0.08,0.081,600
E,0.089,0.086,0.086,0.203,0.139,0.219,0.137,0.204,0.133,0.083,0.09,0.085,600
F,0.088,0.084,0.083,0.207,0.142,0.213,0.133,0.218,0.132,0.081,0.082,0.079,600
G,0.084,0.084,0.083,0.201,0.136,0.2,0.135,0.199,0.132,0.079,0.08,0.079,600
H,0.083,0.082,0.082,0.082,0.081,0.084,0.082,0.08,0.083,0.082,0.08,0.079,600
,,,,,,,,,,,,,
,,,,,,,,,,,,,
,,,,,,,,,,,,,
Software Version,2.00.18,,,,,,,,,,,,
,,,,,,,,,,,,,
,,,,,,,,,,,,,
,,,,,,,,,,,,,
Plate Number,Plate 33,,,,,,,,,,,,
Date,19/10/2022,,,,,,,,,,,,
Time,10:01:26,,,,,,,,,,,,
Reader Type:,Synergy,,,,,,,,,,,,
Reader Serial Number:,232563,,,,,,,,,,,,
Reading Type,Reader,,,,,,,,,,,,
,,,,,,,,,,,,,
Procedure Details,,,,,,,,,,,,,
,,,,,,,,,,,,,
Plate Type,96 WELL PLATE,,,,,,,,,,,,
Read,Absorbance Endpoint,,,,,,,,,,,,
,Full Plate,,,,,,,,,,,,
,Wavelengths:  600,,,,,,,,,,,,
,Read Speed: Normal,,,,,,,,,,,,
,,,,,,,,,,,,,
,,,,,,,,,,,,,
,,,,,,,,,,,,,
Actual Temperature:,21.3,,,,,,,,,,,,
,,,,,,,,,,,,,
Results,,,,,,,,,,,,,
,1,2,3,4,5,6,7,8,9,10,11,12,
A,0.081,0.078,0.081,0.082,0.08,0.079,0.078,0.08,0.08,0.081,0.085,0.084,600
B,0.084,0.084,0.081,0.209,0.131,0.198,0.137,0.243,0.134,0.08,0.081,0.081,600
C,0.082,0.083,0.082,0.213,0.132,0.208,0.134,0.259,0.137,0.078,0.079,0.082,600
D,0.082,0.084,0.083,0.207,0.136,0.203,0.138,0.252,0.141,0.08,0.082,0.081,600
E,0.091,0.09,0.087,0.206,0.137,0.229,0.137,0.256,0.139,0.08,0.083,0.085,600
F,0.083,0.083,0.081,0.211,0.137,0.22,0.136,0.251,0.137,0.082,0.08,0.082,600
G,0.083,0.088,0.083,0.208,0.139,0.217,0.135,0.251,0.137,0.08,0.08,0.083,600
H,0.089,0.081,0.082,0.082,0.082,0.08,0.081,0.081,0.081,0.081,0.081,0.082,600
,,,,,,,,,,,,,
,,,,,,,,,,,,,
,,,,,,,,,,,,,
Software Version,2.00.18,,,,,,,,,,,,
,,,,,,,,,,,,,
,,,,,,,,,,,,,
,,,,,,,,,,,,,
Plate Number,Plate 34,,,,,,,,,,,,
Date,19/10/2022,,,,,,,,,,,,
Time,10:03:21,,,,,,,,,,,,
Reader Type:,Synergy,,,,,,,,,,,,
Reader Serial Number:,232563,,,,,,,,,,,,
Reading Type,Reader,,,,,,,,,,,,
,,,,,,,,,,,,,
Procedure Details,,,,,,,,,,,,,
,,,,,,,,,,,,,
Plate Type,96 WELL PLATE,,,,,,,,,,,,
Read,Absorbance Endpoint,,,,,,,,,,,,
,Full Plate,,,,,,,,,,,,
,Wavelengths:  600,,,,,,,,,,,,
,Read Speed: Normal,,,,,,,,,,,,
,,,,,,,,,,,,,
,,,,,,,,,,,,,
,,,,,,,,,,,,,
Actual Temperature:,21.3,,,,,,,,,,,,
,,,,,,,,,,,,,
Results,,,,,,,,,,,,,
,1,2,3,4,5,6,7,8,9,10,11,12,
A,0.083,0.082,0.083,0.097,0.087,0.09,0.124,0.086,0.085,0.079,0.079,0.084,600
B,0.084,0.082,0.08,0.225,0.145,0.211,0.149,0.283,0.153,0.077,0.118,0.081,600
C,0.083,0.083,0.08,0.227,0.145,0.194,0.143,0.28,0.144,0.093,0.166,0.119,600
D,0.082,0.082,0.085,0.234,0.142,0.216,0.144,0.285,0.144,0.101,0.172,0.181,600
E,0.083,0.083,0.081,0.228,0.148,0.197,0.147,0.275,0.144,0.108,0.185,0.185,600
F,0.083,0.081,0.081,0.23,0.141,0.196,0.147,0.276,0.147,0.093,0.171,0.155,600
G,0.083,0.083,0.082,0.227,0.144,0.205,0.144,0.281,0.144,0.082,0.153,0.089,600
H,0.082,0.084,0.083,0.081,0.081,0.08,0.081,0.081,0.079,0.081,0.079,0.08,600
,,,,,,,,,,,,,
,,,,,,,,,,,,,
,,,,,,,,,,,,,
Software Version,2.00.18,,,,,,,,,,,,
,,,,,,,,,,,,,
,,,,,,,,,,,,,
,,,,,,,,,,,,,
Plate Number,Plate 35,,,,,,,,,,,,
Date,19/10/2022,,,,,,,,,,,,
Time,10:04:59,,,,,,,,,,,,
Reader Type:,Synergy,,,,,,,,,,,,
Reader Serial Number:,232563,,,,,,,,,,,,
Reading Type,Reader,,,,,,,,,,,,
,,,,,,,,,,,,,
Procedure Details,,,,,,,,,,,,,
,,,,,,,,,,,,,
Plate Type,96 WELL PLATE,,,,,,,,,,,,
Read,Absorbance Endpoint,,,,,,,,,,,,
,Full Plate,,,,,,,,,,,,
,Wavelengths:  600,,,,,,,,,,,,
,Read Speed: Normal,,,,,,,,,,,,
,,,,,,,,,,,,,
,,,,,,,,,,,,,
,,,,,,,,,,,,,
Actual Temperature:,21.3,,,,,,,,,,,,
,,,,,,,,,,,,,
Results,,,,,,,,,,,,,
,1,2,3,4,5,6,7,8,9,10,11,12,
A,0.086,0.082,0.083,0.084,0.083,0.084,0.083,0.085,0.084,0.082,0.088,0.084,600
B,0.083,0.083,0.081,0.221,0.152,0.221,0.151,0.26,0.152,0.08,0.077,0.082,600
C,0.084,0.086,0.083,0.221,0.155,0.226,0.151,0.267,0.14,0.079,0.08,0.085,600
D,0.082,0.083,0.085,0.225,0.157,0.229,0.153,0.255,0.151,0.083,0.083,0.082,600
E,0.085,0.09,0.086,0.228,0.156,0.217,0.157,0.26,0.144,0.084,0.087,0.088,600
F,0.088,0.087,0.085,0.224,0.151,0.225,0.156,0.236,0.144,0.085,0.083,0.086,600
G,0.092,0.09,0.088,0.228,0.154,0.225,0.155,0.249,0.15,0.085,0.086,0.085,600
H,0.086,0.089,0.087,0.09,0.087,0.086,0.086,0.086,0.085,0.087,0.084,0.084,600
,,,,,,,,,,,,,
,,,,,,,,,,,,,
,,,,,,,,,,,,,
Software Version,2.00.18,,,,,,,,,,,,
,,,,,,,,,,,,,
,,,,,,,,,,,,,
,,,,,,,,,,,,,
Plate Number,Plate 36,,,,,,,,,,,,
Date,19/10/2022,,,,,,,,,,,,
Time,10:06:45,,,,,,,,,,,,
Reader Type:,Synergy,,,,,,,,,,,,
Reader Serial Number:,232563,,,,,,,,,,,,
Reading Type,Reader,,,,,,,,,,,,
,,,,,,,,,,,,,
Procedure Details,,,,,,,,,,,,,
,,,,,,,,,,,,,
Plate Type,96 WELL PLATE,,,,,,,,,,,,
Read,Absorbance Endpoint,,,,,,,,,,,,
,Full Plate,,,,,,,,,,,,
,Wavelengths:  600,,,,,,,,,,,,
,Read Speed: Normal,,,,,,,,,,,,
,,,,,,,,,,,,,
,,,,,,,,,,,,,
,,,,,,,,,,,,,
Actual Temperature:,21.4,,,,,,,,,,,,
,,,,,,,,,,,,,
Results,,,,,,,,,,,,,
,1,2,3,4,5,6,7,8,9,10,11,12,
A,0.087,0.087,0.094,0.094,0.091,0.096,0.094,0.094,0.086,0.083,0.083,0.094,600
B,0.16,0.29,0.278,0.334,0.29,0.381,0.323,0.428,0.312,0.262,0.25,0.084,600
C,0.299,0.302,0.285,0.329,0.297,0.37,0.302,0.407,0.31,0.274,0.27,0.088,600
D,0.289,0.301,0.278,0.361,0.307,0.381,0.313,0.399,0.303,0.27,0.278,0.139,600
E,0.258,0.291,0.28,0.275,0.281,0.367,0.293,0.345,0.29,0.257,0.267,0.121,600
F,0.172,0.229,0.249,0.293,0.234,0.279,0.243,0.345,0.234,0.244,0.26,0.093,600
G,0.092,0.281,0.121,0.234,0.162,0.243,0.163,0.291,0.177,0.223,0.241,0.09,600
H,0.096,0.101,0.099,0.097,0.104,0.121,0.158,0.135,0.112,0.099,0.098,0.088,600
,,,,,,,,,,,,,
,,,,,,,,,,,,,
,,,,,,,,,,,,,
Software Version,2.00.18,,,,,,,,,,,,
,,,,,,,,,,,,,
,,,,,,,,,,,,,
,,,,,,,,,,,,,
Plate Number,Plate 37,,,,,,,,,,,,
Date,19/10/2022,,,,,,,,,,,,
Time,13:37:53,,,,,,,,,,,,
Reader Type:,Synergy,,,,,,,,,,,,
Reader Serial Number:,232563,,,,,,,,,,,,
Reading Type,Reader,,,,,,,,,,,,
,,,,,,,,,,,,,
Procedure Details,,,,,,,,,,,,,
,,,,,,,,,,,,,
Plate Type,96 WELL PLATE,,,,,,,,,,,,
Read,Absorbance Endpoint,,,,,,,,,,,,
,Full Plate,,,,,,,,,,,,
,Wavelengths:  600,,,,,,,,,,,,
,Read Speed: Normal,,,,,,,,,,,,
,,,,,,,,,,,,,
,,,,,,,,,,,,,
,,,,,,,,,,,,,
Actual Temperature:,21.8,,,,,,,,,,,,
,,,,,,,,,,,,,
Results,,,,,,,,,,,,,
,1,2,3,4,5,6,7,8,9,10,11,12,
A,0.089,0.085,0.083,0.084,0.084,0.084,0.083,0.083,0.081,0.079,0.077,0.078,600
B,0.097,0.083,0.083,0.188,0.144,0.16,0.142,0.188,0.145,0.076,0.074,0.078,600
C,0.086,0.084,0.081,0.197,0.142,0.16,0.135,0.191,0.144,0.077,0.078,0.082,600
D,0.086,0.083,0.081,0.197,0.144,0.164,0.141,0.192,0.145,0.082,0.081,0.081,600
E,0.085,0.084,0.086,0.202,0.148,0.167,0.148,0.203,0.15,0.083,0.081,0.083,600
F,0.083,0.082,0.083,0.208,0.145,0.165,0.143,0.19,0.149,0.085,0.08,0.086,600
G,0.083,0.083,0.083,0.197,0.141,0.164,0.143,0.217,0.148,0.087,0.082,0.081,600
H,0.08,0.087,0.082,0.081,0.082,0.081,0.081,0.082,0.08,0.083,0.084,0.081,600
,,,,,,,,,,,,,
,,,,,,,,,,,,,
,,,,,,,,,,,,,
Software Version,2.00.18,,,,,,,,,,,,
,,,,,,,,,,,,,
,,,,,,,,,,,,,
,,,,,,,,,,,,,
Plate Number,Plate 38,,,,,,,,,,,,
Date,19/10/2022,,,,,,,,,,,,
Time,13:40:28,,,,,,,,,,,,
Reader Type:,Synergy,,,,,,,,,,,,
Reader Serial Number:,232563,,,,,,,,,,,,
Reading Type,Reader,,,,,,,,,,,,
,,,,,,,,,,,,,
Procedure Details,,,,,,,,,,,,,
,,,,,,,,,,,,,
Plate Type,96 WELL PLATE,,,,,,,,,,,,
Read,Absorbance Endpoint,,,,,,,,,,,,
,Full Plate,,,,,,,,,,,,
,Wavelengths:  600,,,,,,,,,,,,
,Read Speed: Normal,,,,,,,,,,,,
,,,,,,,,,,,,,
,,,,,,,,,,,,,
,,,,,,,,,,,,,
Actual Temperature:,21.8,,,,,,,,,,,,
,,,,,,,,,,,,,
Results,,,,,,,,,,,,,
,1,2,3,4,5,6,7,8,9,10,11,12,
A,0.079,0.07,0.077,0.081,0.081,0.083,0.082,0.085,0.081,0.081,0.08,0.081,600
B,0.091,0.084,0.082,0.203,0.134,0.244,0.135,0.235,0.134,0.081,0.082,0.08,600
C,0.093,0.096,0.093,0.213,0.14,0.232,0.138,0.243,0.135,0.082,0.08,0.081,600
D,0.088,0.094,0.085,0.214,0.141,0.247,0.14,0.247,0.135,0.082,0.081,0.081,600
E,0.089,0.086,0.086,0.214,0.147,0.245,0.138,0.248,0.134,0.083,0.09,0.086,600
F,0.089,0.084,0.084,0.217,0.144,0.243,0.134,0.251,0.133,0.082,0.082,0.08,600
G,0.085,0.084,0.083,0.209,0.138,0.262,0.137,0.249,0.134,0.08,0.08,0.08,600
H,0.084,0.083,0.083,0.082,0.082,0.085,0.083,0.081,0.084,0.082,0.081,0.08,600
,,,,,,,,,,,,,
,,,,,,,,,,,,,
,,,,,,,,,,,,,
Software Version,2.00.18,,,,,,,,,,,,
,,,,,,,,,,,,,
,,,,,,,,,,,,,
,,,,,,,,,,,,,
Plate Number,Plate 39,,,,,,,,,,,,
Date,19/10/2022,,,,,,,,,,,,
Time,13:42:45,,,,,,,,,,,,
Reader Type:,Synergy,,,,,,,,,,,,
Reader Serial Number:,232563,,,,,,,,,,,,
Reading Type,Reader,,,,,,,,,,,,
,,,,,,,,,,,,,
Procedure Details,,,,,,,,,,,,,
,,,,,,,,,,,,,
Plate Type,96 WELL PLATE,,,,,,,,,,,,
Read,Absorbance Endpoint,,,,,,,,,,,,
,Full Plate,,,,,,,,,,,,
,Wavelengths:  600,,,,,,,,,,,,
,Read Speed: Normal,,,,,,,,,,,,
,,,,,,,,,,,,,
,,,,,,,,,,,,,
,,,,,,,,,,,,,
Actual Temperature:,21.8,,,,,,,,,,,,
,,,,,,,,,,,,,
Results,,,,,,,,,,,,,
,1,2,3,4,5,6,7,8,9,10,11,12,
A,0.083,0.079,0.083,0.082,0.08,0.079,0.079,0.082,0.081,0.081,0.083,0.084,600
B,0.084,0.083,0.081,0.221,0.141,0.235,0.144,0.268,0.141,0.081,0.083,0.081,600
C,0.082,0.083,0.082,0.222,0.135,0.239,0.141,0.28,0.141,0.078,0.08,0.083,600
D,0.082,0.083,0.084,0.222,0.14,0.235,0.143,0.28,0.147,0.08,0.081,0.081,600
E,0.091,0.094,0.087,0.218,0.143,0.235,0.143,0.282,0.143,0.08,0.083,0.086,600
F,0.083,0.082,0.081,0.22,0.139,0.224,0.141,0.274,0.143,0.082,0.081,0.082,600
G,0.083,0.088,0.083,0.222,0.134,0.22,0.137,0.276,0.141,0.08,0.081,0.085,600
H,0.087,0.082,0.083,0.082,0.082,0.08,0.081,0.081,0.081,0.081,0.082,0.082,600
,,,,,,,,,,,,,
,,,,,,,,,,,,,
,,,,,,,,,,,,,
Software Version,2.00.18,,,,,,,,,,,,
,,,,,,,,,,,,,
,,,,,,,,,,,,,
,,,,,,,,,,,,,
Plate Number,Plate 40,,,,,,,,,,,,
Date,19/10/2022,,,,,,,,,,,,
Time,13:44:15,,,,,,,,,,,,
Reader Type:,Synergy,,,,,,,,,,,,
Reader Serial Number:,232563,,,,,,,,,,,,
Reading Type,Reader,,,,,,,,,,,,
,,,,,,,,,,,,,
Procedure Details,,,,,,,,,,,,,
,,,,,,,,,,,,,
Plate Type,96 WELL PLATE,,,,,,,,,,,,
Read,Absorbance Endpoint,,,,,,,,,,,,
,Full Plate,,,,,,,,,,,,
,Wavelengths:  600,,,,,,,,,,,,
,Read Speed: Normal,,,,,,,,,,,,
,,,,,,,,,,,,,
,,,,,,,,,,,,,
,,,,,,,,,,,,,
Actual Temperature:,21.8,,,,,,,,,,,,
,,,,,,,,,,,,,
Results,,,,,,,,,,,,,
,1,2,3,4,5,6,7,8,9,10,11,12,
A,0.084,0.083,0.084,0.098,0.088,0.084,0.11,0.085,0.085,0.079,0.081,0.085,600
B,0.083,0.082,0.08,0.22,0.146,0.214,0.152,0.299,0.154,0.078,0.131,0.082,600
C,0.083,0.082,0.082,0.22,0.146,0.203,0.144,0.298,0.144,0.099,0.184,0.137,600
D,0.083,0.082,0.085,0.227,0.144,0.217,0.145,0.302,0.146,0.11,0.192,0.198,600
E,0.084,0.083,0.082,0.223,0.15,0.203,0.149,0.295,0.145,0.119,0.202,0.205,600
F,0.084,0.081,0.081,0.223,0.142,0.205,0.148,0.292,0.148,0.097,0.184,0.171,600
G,0.083,0.083,0.083,0.221,0.146,0.21,0.145,0.296,0.145,0.085,0.169,0.094,600
H,0.082,0.085,0.084,0.081,0.08,0.079,0.081,0.081,0.079,0.081,0.079,0.081,600
,,,,,,,,,,,,,
,,,,,,,,,,,,,
,,,,,,,,,,,,,
Software Version,2.00.18,,,,,,,,,,,,
,,,,,,,,,,,,,
,,,,,,,,,,,,,
,,,,,,,,,,,,,
Plate Number,Plate 41,,,,,,,,,,,,
Date,19/10/2022,,,,,,,,,,,,
Time,13:46:45,,,,,,,,,,,,
Reader Type:,Synergy,,,,,,,,,,,,
Reader Serial Number:,232563,,,,,,,,,,,,
Reading Type,Reader,,,,,,,,,,,,
,,,,,,,,,,,,,
Procedure Details,,,,,,,,,,,,,
,,,,,,,,,,,,,
Plate Type,96 WELL PLATE,,,,,,,,,,,,
Read,Absorbance Endpoint,,,,,,,,,,,,
,Full Plate,,,,,,,,,,,,
,Wavelengths:  600,,,,,,,,,,,,
,Read Speed: Normal,,,,,,,,,,,,
,,,,,,,,,,,,,
,,,,,,,,,,,,,
,,,,,,,,,,,,,
Actual Temperature:,21.9,,,,,,,,,,,,
,,,,,,,,,,,,,
Results,,,,,,,,,,,,,
,1,2,3,4,5,6,7,8,9,10,11,12,
A,0.084,0.081,0.083,0.084,0.083,0.083,0.083,0.084,0.083,0.081,0.084,0.082,600
B,0.082,0.084,0.082,0.221,0.153,0.226,0.155,0.256,0.147,0.079,0.077,0.082,600
C,0.084,0.085,0.083,0.215,0.155,0.226,0.148,0.27,0.147,0.079,0.081,0.086,600
D,0.082,0.083,0.084,0.225,0.159,0.234,0.153,0.257,0.153,0.083,0.083,0.083,600
E,0.085,0.089,0.087,0.224,0.163,0.217,0.155,0.268,0.153,0.084,0.086,0.087,600
F,0.088,0.087,0.085,0.223,0.154,0.222,0.154,0.244,0.147,0.084,0.083,0.086,600
G,0.092,0.089,0.087,0.227,0.159,0.226,0.152,0.255,0.153,0.084,0.086,0.087,600
H,0.086,0.089,0.086,0.087,0.087,0.085,0.086,0.085,0.085,0.087,0.084,0.085,600
,,,,,,,,,,,,,
,,,,,,,,,,,,,
,,,,,,,,,,,,,
Software Version,2.00.18,,,,,,,,,,,,
,,,,,,,,,,,,,
,,,,,,,,,,,,,
,,,,,,,,,,,,,
Plate Number,Plate 42,,,,,,,,,,,,
Date,19/10/2022,,,,,,,,,,,,
Time,13:48:19,,,,,,,,,,,,
Reader Type:,Synergy,,,,,,,,,,,,
Reader Serial Number:,232563,,,,,,,,,,,,
Reading Type,Reader,,,,,,,,,,,,
,,,,,,,,,,,,,
Procedure Details,,,,,,,,,,,,,
,,,,,,,,,,,,,
Plate Type,96 WELL PLATE,,,,,,,,,,,,
Read,Absorbance Endpoint,,,,,,,,,,,,
,Full Plate,,,,,,,,,,,,
,Wavelengths:  600,,,,,,,,,,,,
,Read Speed: Normal,,,,,,,,,,,,
,,,,,,,,,,,,,
,,,,,,,,,,,,,
,,,,,,,,,,,,,
Actual Temperature:,21.9,,,,,,,,,,,,
,,,,,,,,,,,,,
Results,,,,,,,,,,,,,
,1,2,3,4,5,6,7,8,9,10,11,12,
A,0.09,0.09,0.096,0.097,0.093,0.098,0.095,0.096,0.089,0.086,0.085,0.096,600
B,0.106,0.284,0.275,0.303,0.291,0.383,0.322,0.425,0.3,0.256,0.198,0.088,600
C,0.289,0.306,0.285,0.326,0.295,0.368,0.296,0.415,0.306,0.269,0.27,0.09,600
D,0.276,0.305,0.282,0.36,0.304,0.379,0.309,0.386,0.286,0.247,0.266,0.113,600
E,0.248,0.282,0.27,0.249,0.25,0.336,0.273,0.324,0.268,0.239,0.248,0.104,600
F,0.094,0.215,0.22,0.244,0.19,0.253,0.194,0.317,0.199,0.232,0.255,0.096,600
G,0.082,0.203,0.103,0.24,0.16,0.245,0.156,0.296,0.162,0.161,0.175,0.092,600
H,0.098,0.106,0.104,0.101,0.108,0.105,0.107,0.104,0.102,0.101,0.101,0.091,600
