

Software Version	2.00.18



Plate Number	Plate 1
Date	01/09/2022
Time	20:41:29
Reader Type:	Synergy
Reader Serial Number:	232563
Reading Type	Reader

Procedure Details

Plate Type	96 WELL PLATE
Read	Absorbance Endpoint
	Full Plate
	Wavelengths:  600
	Read Speed: Normal



Actual Temperature:	24.8

Results
	1	2	3	4	5	6	7	8	9	10	11	12
A	0.073	0.073	0.074	0.074	0.074	0.074	0.075	0.075	0.075	0.075	0.074	0.076	600
B	0.075	0.075	0.075	0.240	0.134	0.473	0.225	0.264	0.269	0.494	0.219	0.076	600
C	0.077	0.073	0.075	0.234	0.126	0.495	0.219	0.246	0.290	0.466	0.195	0.077	600
D	0.076	0.074	0.075	0.251	0.130	0.450	0.218	0.238	0.346	0.494	0.224	0.076	600
E	0.076	0.075	0.074	0.232	0.128	0.408	0.206	0.237	0.407	0.463	0.210	0.076	600
F	0.077	0.075	0.074	0.293	0.125	0.431	0.201	0.254	0.324	0.449	0.211	0.074	600
G	0.077	0.075	0.075	0.234	0.128	0.443	0.214	0.310	0.294	0.413	0.177	0.076	600
H	0.075	0.074	0.073	0.074	0.075	0.075	0.075	0.075	0.074	0.076	0.073	0.073	600



Software Version	2.00.18



Plate Number	Plate 2
Date	01/09/2022
Time	20:55:14
Reader Type:	Synergy
Reader Serial Number:	232563
Reading Type	Reader

Procedure Details

Plate Type	96 WELL PLATE
Read	Absorbance Endpoint
	Full Plate
	Wavelengths:  600
	Read Speed: Normal



Actual Temperature:	24.7

Results
	1	2	3	4	5	6	7	8	9	10	11	12
A	0.077	0.074	0.076	0.075	0.076	0.074	0.075	0.075	0.075	0.075	0.075	0.076	600
B	0.077	0.076	0.074	0.282	0.122	0.281	0.205	0.239	0.297	0.243	0.186	0.075	600
C	0.077	0.077	0.074	0.212	0.123	0.274	0.205	0.229	0.267	0.244	0.176	0.077	600
D	0.076	0.076	0.074	0.255	0.125	0.296	0.200	0.238	0.169	0.253	0.191	0.076	600
E	0.078	0.078	0.075	0.233	0.129	0.269	0.192	0.232	0.271	0.238	0.183	0.075	600
F	0.078	0.077	0.081	0.221	0.125	0.269	0.195	0.225	0.269	0.243	0.178	0.074	600
G	0.076	0.076	0.074	0.238	0.121	0.271	0.210	0.231	0.259	0.249	0.193	0.074	600
H	0.075	0.074	0.074	0.075	0.074	0.075	0.074	0.075	0.074	0.075	0.073	0.073	600



Software Version	2.00.18



Plate Number	Plate 3
Date	01/09/2022
Time	21:09:52
Reader Type:	Synergy
Reader Serial Number:	232563
Reading Type	Reader

Procedure Details

Plate Type	96 WELL PLATE
Read	Absorbance Endpoint
	Full Plate
	Wavelengths:  600
	Read Speed: Normal



Actual Temperature:	24.5

Results
	1	2	3	4	5	6	7	8	9	10	11	12
A	0.076	0.074	0.076	0.076	0.076	0.077	0.075	0.075	0.075	0.075	0.074	0.075	600
B	0.075	0.076	0.078	0.208	0.137	0.223	0.193	0.216	0.189	0.368	0.245	0.074	600
C	0.076	0.076	0.075	0.184	0.129	0.219	0.209	0.214	0.195	0.343	0.161	0.075	600
D	0.075	0.076	0.075	0.201	0.130	0.222	0.208	0.198	0.209	0.273	0.161	0.074	600
E	0.079	0.077	0.075	0.188	0.127	0.233	0.218	0.228	0.240	0.293	0.248	0.076	600
F	0.078	0.075	0.075	0.194	0.123	0.238	0.253	0.235	0.238	0.306	0.169	0.074	600
G	0.076	0.076	0.075	0.196	0.125	0.276	0.260	0.217	0.259	0.285	0.172	0.075	600
H	0.075	0.075	0.074	0.076	0.074	0.075	0.075	0.074	0.581	0.075	0.074	0.074	600



Software Version	2.00.18



Plate Number	Plate 4
Date	01/09/2022
Time	21:23:24
Reader Type:	Synergy
Reader Serial Number:	232563
Reading Type	Reader

Procedure Details

Plate Type	96 WELL PLATE
Read	Absorbance Endpoint
	Full Plate
	Wavelengths:  600
	Read Speed: Normal



Actual Temperature:	24.6

Results
	1	2	3	4	5	6	7	8	9	10	11	12
A	0.074	0.075	0.075	0.075	0.074	0.074	0.073	0.074	0.074	0.074	0.074	0.075	600
B	0.077	0.077	0.074	0.179	0.124	0.180	0.162	0.169	0.145	0.166	0.145	0.075	600
C	0.077	0.076	0.075	0.162	0.125	0.175	0.171	0.175	0.159	0.173	0.157	0.076	600
D	0.077	0.076	0.075	0.180	0.134	0.182	0.162	0.170	0.158	0.171	0.150	0.074	600
E	0.076	0.076	0.075	0.174	0.126	0.187	0.166	0.171	0.166	0.172	0.140	0.076	600
F	0.078	0.075	0.074	0.171	0.125	0.173	0.160	0.166	0.161	0.171	0.145	0.074	600
G	0.090	0.075	0.074	0.162	0.125	0.169	0.157	0.164	0.164	0.167	0.143	0.075	600
H	0.076	0.075	0.073	0.074	0.074	0.075	0.075	0.074	0.073	0.074	0.073	0.073	600



Software Version	2.00.18



Plate Number	Plate 5
Date	01/09/2022
Time	21:43:52
Reader Type:	Synergy
Reader Serial Number:	232563
Reading Type	Reader

Procedure Details

Plate Type	96 WELL PLATE
Read	Absorbance Endpoint
	Full Plate
	Wavelengths:  600
	Read Speed: Normal



Actual Temperature:	24.5

Results
	1	2	3	4	5	6	7	8	9	10	11	12
A	0.076	0.075	0.076	0.076	0.076	0.075	0.076	0.081	0.077	0.077	0.078	0.077	600
B	0.075	0.076	0.074	0.227	0.126	0.279	0.223	0.236	0.235	0.326	0.185	0.075	600
C	0.076	0.078	0.076	0.217	0.124	0.291	0.203	0.218	0.219	0.291	0.175	0.077	600
D	0.077	0.076	0.076	0.221	0.129	0.284	0.208	0.207	0.242	0.327	0.170	0.074	600
E	0.078	0.077	0.076	0.206	0.126	0.234	0.195	0.215	0.239	0.315	0.171	0.076	600
F	0.077	0.076	0.076	0.218	0.126	0.264	0.230	0.217	0.236	0.301	0.167	0.076	600
G	0.076	0.077	0.076	0.185	0.122	0.272	0.231	0.217	0.165	0.308	0.176	0.076	600
H	0.075	0.078	0.075	0.079	0.075	0.076	0.076	0.075	0.076	0.075	0.073	0.074	600



Software Version	2.00.18



Plate Number	Plate 6
Date	02/09/2022
Time	19:22:09
Reader Type:	Synergy
Reader Serial Number:	232563
Reading Type	Reader

Procedure Details

Plate Type	96 WELL PLATE
Read	Absorbance Endpoint
	Full Plate
	Wavelengths:  600
	Read Speed: Normal



Actual Temperature:	25.7

Results
	1	2	3	4	5	6	7	8	9	10	11	12
A	0.079	0.077	0.077	0.077	0.076	0.077	0.078	0.077	0.077	0.078	0.079	0.083	600
B	0.077	0.079	0.077	0.275	0.131	0.523	0.266	0.310	0.358	0.607	0.227	0.078	600
C	0.078	0.076	0.078	0.279	0.131	0.560	0.272	0.295	0.365	0.594	0.234	0.083	600
D	0.079	0.079	0.077	0.280	0.139	0.501	0.273	0.298	0.422	0.545	0.254	0.080	600
E	0.078	0.077	0.077	0.275	0.133	0.507	0.235	0.294	0.488	0.548	0.249	0.079	600
F	0.080	0.077	0.077	0.357	0.126	0.516	0.156	0.329	0.398	0.628	0.162	0.076	600
G	0.078	0.077	0.077	0.293	0.127	0.572	0.236	0.483	0.353	0.552	0.147	0.078	600
H	0.079	0.077	0.076	0.078	0.076	0.079	0.079	0.077	0.077	0.076	0.076	0.076	600



Software Version	2.00.18



Plate Number	Plate 7
Date	02/09/2022
Time	19:42:50
Reader Type:	Synergy
Reader Serial Number:	232563
Reading Type	Reader

Procedure Details

Plate Type	96 WELL PLATE
Read	Absorbance Endpoint
	Full Plate
	Wavelengths:  600
	Read Speed: Normal



Actual Temperature:	25.1

Results
	1	2	3	4	5	6	7	8	9	10	11	12
A	0.193	0.217	0.207	0.201	0.155	0.134	0.162	0.174	0.085	0.129	0.146	0.164	600
B	0.259	0.238	0.191	0.362	0.124	0.349	0.234	0.310	0.386	0.332	0.264	0.145	600
C	0.254	0.189	0.151	0.274	0.124	0.347	0.256	0.305	0.324	0.341	0.249	0.091	600
D	0.223	0.186	0.142	0.329	0.126	0.360	0.237	0.304	0.176	0.331	0.249	0.111	600
E	0.229	0.201	0.149	0.313	0.129	0.325	0.235	0.297	0.332	0.323	0.249	0.150	600
F	0.150	0.193	0.165	0.326	0.128	0.357	0.250	0.316	0.312	0.349	0.263	0.142	600
G	0.165	0.221	0.188	0.330	0.127	0.341	0.277	0.306	0.317	0.363	0.291	0.177	600
H	0.268	0.229	0.127	0.082	0.078	0.081	0.082	0.082	0.086	0.085	0.163	0.197	600



Software Version	2.00.18



Plate Number	Plate 8
Date	02/09/2022
Time	19:32:43
Reader Type:	Synergy
Reader Serial Number:	232563
Reading Type	Reader

Procedure Details

Plate Type	96 WELL PLATE
Read	Absorbance Endpoint
	Full Plate
	Wavelengths:  600
	Read Speed: Normal



Actual Temperature:	25.3

Results
	1	2	3	4	5	6	7	8	9	10	11	12
A	0.080	0.079	0.083	0.092	0.105	0.117	0.118	0.108	0.091	0.081	0.079	0.078	600
B	0.105	0.120	0.116	0.230	0.128	0.242	0.220	0.237	0.231	0.399	0.281	0.126	600
C	0.101	0.115	0.109	0.203	0.133	0.240	0.264	0.237	0.227	0.365	0.183	0.116	600
D	0.115	0.116	0.112	0.223	0.135	0.240	0.240	0.224	0.225	0.292	0.182	0.119	600
E	0.107	0.122	0.117	0.209	0.131	0.244	0.243	0.252	0.257	0.299	0.308	0.116	600
F	0.092	0.123	0.121	0.220	0.125	0.260	0.296	0.257	0.258	0.314	0.201	0.109	600
G	0.088	0.128	0.118	0.221	0.128	0.291	0.296	0.242	0.282	0.308	0.198	0.077	600
H	0.078	0.077	0.077	0.078	0.076	0.079	0.106	0.081	0.472	0.079	0.078	0.077	600



Software Version	2.00.18



Plate Number	Plate 9
Date	02/09/2022
Time	19:34:35
Reader Type:	Synergy
Reader Serial Number:	232563
Reading Type	Reader

Procedure Details

Plate Type	96 WELL PLATE
Read	Absorbance Endpoint
	Full Plate
	Wavelengths:  600
	Read Speed: Normal



Actual Temperature:	25.3

Results
	1	2	3	4	5	6	7	8	9	10	11	12
A	0.081	0.084	0.083	0.083	0.081	0.081	0.079	0.079	0.081	0.079	0.080	0.082	600
B	0.083	0.083	0.083	0.198	0.131	0.204	0.185	0.187	0.162	0.184	0.163	0.082	600
C	0.083	0.084	0.084	0.181	0.131	0.193	0.189	0.193	0.176	0.194	0.175	0.086	600
D	0.085	0.085	0.083	0.203	0.138	0.204	0.184	0.191	0.178	0.193	0.173	0.084	600
E	0.087	0.086	0.084	0.198	0.131	0.214	0.192	0.191	0.189	0.194	0.158	0.087	600
F	0.089	0.085	0.085	0.200	0.132	0.196	0.189	0.190	0.198	0.208	0.175	0.084	600
G	0.096	0.088	0.088	0.188	0.132	0.193	0.190	0.191	0.209	0.193	0.166	0.086	600
H	0.089	0.086	0.085	0.086	0.085	0.090	0.088	0.087	0.086	0.087	0.086	0.084	600



Software Version	2.00.18



Plate Number	Plate 10
Date	02/09/2022
Time	19:37:40
Reader Type:	Synergy
Reader Serial Number:	232563
Reading Type	Reader

Procedure Details

Plate Type	96 WELL PLATE
Read	Absorbance Endpoint
	Full Plate
	Wavelengths:  600
	Read Speed: Normal



Actual Temperature:	25.2

Results
	1	2	3	4	5	6	7	8	9	10	11	12
A	0.080	0.078	0.080	0.079	0.079	0.078	0.078	0.084	0.082	0.081	0.082	0.081	600
B	0.079	0.079	0.078	0.263	0.135	0.336	0.270	0.283	0.261	0.369	0.216	0.079	600
C	0.079	0.082	0.079	0.254	0.131	0.333	0.239	0.260	0.248	0.340	0.203	0.081	600
D	0.079	0.079	0.079	0.250	0.143	0.321	0.251	0.252	0.272	0.364	0.196	0.079	600
E	0.081	0.081	0.079	0.238	0.140	0.278	0.234	0.254	0.270	0.333	0.200	0.080	600
F	0.081	0.079	0.079	0.257	0.137	0.315	0.282	0.259	0.256	0.335	0.196	0.079	600
G	0.081	0.079	0.079	0.217	0.127	0.316	0.293	0.263	0.199	0.354	0.208	0.079	600
H	0.078	0.081	0.079	0.082	0.078	0.079	0.080	0.080	0.080	0.079	0.077	0.079	600



Software Version	2.00.18



Plate Number	Plate 11
Date	03/09/2022
Time	20:08:22
Reader Type:	Synergy
Reader Serial Number:	232563
Reading Type	Reader

Procedure Details

Plate Type	96 WELL PLATE
Read	Absorbance Endpoint
	Full Plate
	Wavelengths:  600
	Read Speed: Normal



Actual Temperature:	23.2

Results
	1	2	3	4	5	6	7	8	9	10	11	12
A	0.081	0.080	0.090	0.093	0.117	0.118	0.121	0.115	0.107	0.088	0.095	0.110	600
B	0.098	0.109	0.111	0.271	0.132	0.563	0.273	0.308	0.387	0.633	0.265	0.092	600
C	0.108	0.121	0.110	0.278	0.132	0.581	0.284	0.306	0.388	0.570	0.234	0.090	600
D	0.110	0.119	0.112	0.276	0.133	0.549	0.287	0.321	0.448	0.589	0.273	0.082	600
E	0.098	0.098	0.103	0.270	0.133	0.577	0.278	0.310	0.497	0.583	0.260	0.090	600
F	0.081	0.105	0.095	0.382	0.128	0.586	0.211	0.352	0.439	0.661	0.276	0.080	600
G	0.081	0.100	0.108	0.298	0.131	0.613	0.296	0.480	0.447	0.592	0.200	0.082	600
H	0.082	0.081	0.080	0.079	0.084	0.082	0.086	0.080	0.079	0.081	0.079	0.078	600



Software Version	2.00.18



Plate Number	Plate 12
Date	03/09/2022
Time	20:10:11
Reader Type:	Synergy
Reader Serial Number:	232563
Reading Type	Reader

Procedure Details

Plate Type	96 WELL PLATE
Read	Absorbance Endpoint
	Full Plate
	Wavelengths:  600
	Read Speed: Normal



Actual Temperature:	23.2

Results
	1	2	3	4	5	6	7	8	9	10	11	12
A	0.087	0.088	0.093	0.090	0.089	0.089	0.089	0.089	0.089	0.094	0.087	0.086	600
B	0.088	0.091	0.091	0.319	0.133	0.311	0.231	0.259	0.349	0.290	0.184	0.092	600
C	0.095	0.093	0.095	0.234	0.130	0.305	0.232	0.257	0.320	0.292	0.178	0.098	600
D	0.094	0.093	0.096	0.273	0.133	0.317	0.219	0.258	0.183	0.297	0.185	0.100	600
E	0.099	0.099	0.102	0.259	0.138	0.296	0.214	0.259	0.337	0.293	0.192	0.104	600
F	0.096	0.099	0.101	0.268	0.138	0.318	0.227	0.268	0.324	0.312	0.191	0.103	600
G	0.105	0.108	0.110	0.298	0.144	0.323	0.241	0.266	0.321	0.335	0.211	0.107	600
H	0.107	0.108	0.109	0.107	0.103	0.106	0.105	0.104	0.103	0.109	0.107	0.104	600



Software Version	2.00.18



Plate Number	Plate 13
Date	03/09/2022
Time	20:12:30
Reader Type:	Synergy
Reader Serial Number:	232563
Reading Type	Reader

Procedure Details

Plate Type	96 WELL PLATE
Read	Absorbance Endpoint
	Full Plate
	Wavelengths:  600
	Read Speed: Normal



Actual Temperature:	23.2

Results
	1	2	3	4	5	6	7	8	9	10	11	12
A	0.081	0.081	0.083	0.082	0.081	0.105	0.122	0.109	0.081	0.081	0.080	0.081	600
B	0.107	0.126	0.115	0.219	0.128	0.233	0.207	0.221	0.209	0.428	0.272	0.124	600
C	0.106	0.128	0.115	0.188	0.131	0.227	0.281	0.222	0.222	0.400	0.170	0.138	600
D	0.119	0.135	0.118	0.206	0.132	0.228	0.213	0.203	0.220	0.279	0.167	0.131	600
E	0.104	0.126	0.124	0.193	0.129	0.231	0.216	0.230	0.250	0.299	0.300	0.124	600
F	0.091	0.129	0.129	0.205	0.126	0.250	0.270	0.238	0.248	0.312	0.183	0.088	600
G	0.081	0.100	0.083	0.206	0.125	0.286	0.270	0.224	0.271	0.311	0.181	0.081	600
H	0.082	0.081	0.082	0.081	0.079	0.082	0.083	0.084	0.446	0.082	0.082	0.081	600



Software Version	2.00.18



Plate Number	Plate 14
Date	03/09/2022
Time	20:19:09
Reader Type:	Synergy
Reader Serial Number:	232563
Reading Type	Reader

Procedure Details

Plate Type	96 WELL PLATE
Read	Absorbance Endpoint
	Full Plate
	Wavelengths:  600
	Read Speed: Normal



Actual Temperature:	23.3

Results
	1	2	3	4	5	6	7	8	9	10	11	12
A	0.077	0.081	0.080	0.079	0.079	0.080	0.080	0.079	0.080	0.079	0.081	0.082	600
B	0.082	0.080	0.079	0.192	0.127	0.197	0.164	0.187	0.157	0.184	0.157	0.083	600
C	0.080	0.081	0.082	0.179	0.130	0.192	0.176	0.190	0.171	0.191	0.164	0.090	600
D	0.081	0.082	0.081	0.206	0.135	0.202	0.170	0.189	0.173	0.189	0.164	0.084	600
E	0.084	0.083	0.082	0.195	0.130	0.211	0.176	0.189	0.184	0.191	0.153	0.086	600
F	0.086	0.082	0.083	0.196	0.131	0.195	0.175	0.188	0.183	0.200	0.166	0.083	600
G	0.093	0.085	0.086	0.186	0.135	0.192	0.173	0.189	0.187	0.193	0.161	0.084	600
H	0.085	0.082	0.082	0.083	0.082	0.085	0.086	0.086	0.085	0.085	0.084	0.081	600



Software Version	2.00.18



Plate Number	Plate 15
Date	03/09/2022
Time	20:22:58
Reader Type:	Synergy
Reader Serial Number:	232563
Reading Type	Reader

Procedure Details

Plate Type	96 WELL PLATE
Read	Absorbance Endpoint
	Full Plate
	Wavelengths:  600
	Read Speed: Normal



Actual Temperature:	23.4

Results
	1	2	3	4	5	6	7	8	9	10	11	12
A	0.086	0.085	0.087	0.085	0.086	0.088	0.087	0.090	0.088	0.088	0.086	0.088	600
B	0.087	0.086	0.087	0.253	0.131	0.343	0.269	0.283	0.258	0.392	0.237	0.085	600
C	0.087	0.089	0.088	0.244	0.128	0.335	0.240	0.260	0.251	0.378	0.222	0.091	600
D	0.085	0.086	0.087	0.245	0.137	0.336	0.247	0.246	0.290	0.397	0.205	0.085	600
E	0.090	0.089	0.090	0.229	0.133	0.278	0.235	0.259	0.279	0.360	0.219	0.087	600
F	0.090	0.087	0.088	0.251	0.130	0.329	0.287	0.263	0.272	0.372	0.213	0.085	600
G	0.088	0.089	0.091	0.218	0.132	0.341	0.318	0.275	0.214	0.387	0.224	0.087	600
H	0.091	0.091	0.089	0.091	0.087	0.086	0.088	0.087	0.088	0.087	0.084	0.080	600



Software Version	2.00.18



Plate Number	Plate 16
Date	03/09/2022
Time	20:40:05
Reader Type:	Synergy
Reader Serial Number:	232563
Reading Type	Reader

Procedure Details

Plate Type	96 WELL PLATE
Read	Absorbance Endpoint
	Full Plate
	Wavelengths:  600
	Read Speed: Normal



Actual Temperature:	23.5

Results
	1	2	3	4	5	6	7	8	9	10	11	12
A	0.074	0.075	0.075	0.074	0.075	0.076	0.074	0.074	0.074	0.076	0.074	0.073	600
B	0.076	0.077	0.075	0.223	0.132	0.462	0.214	0.241	0.294	0.497	0.213	0.075	600
C	0.076	0.077	0.075	0.207	0.130	0.479	0.201	0.219	0.294	0.488	0.187	0.076	600
D	0.075	0.077	0.076	0.209	0.131	0.437	0.211	0.218	0.354	0.470	0.199	0.074	600
E	0.076	0.078	0.083	0.211	0.130	0.408	0.196	0.216	0.410	0.472	0.201	0.077	600
F	0.076	0.075	0.075	0.300	0.131	0.438	0.192	0.249	0.355	0.450	0.213	0.074	600
G	0.077	0.075	0.074	0.209	0.130	0.466	0.210	0.372	0.362	0.431	0.180	0.075	600
H	0.075	0.074	0.074	0.076	0.075	0.075	0.074	0.075	0.074	0.074	0.073	0.076	600



Software Version	2.00.18



Plate Number	Plate 17
Date	03/09/2022
Time	20:53:49
Reader Type:	Synergy
Reader Serial Number:	232563
Reading Type	Reader

Procedure Details

Plate Type	96 WELL PLATE
Read	Absorbance Endpoint
	Full Plate
	Wavelengths:  600
	Read Speed: Normal



Actual Temperature:	23.7

Results
	1	2	3	4	5	6	7	8	9	10	11	12
A	0.075	0.079	0.075	0.076	0.076	0.084	0.075	0.076	0.077	0.074	0.073	0.074	600
B	0.075	0.075	0.076	0.277	0.131	0.288	0.202	0.240	0.294	0.237	0.180	0.074	600
C	0.076	0.075	0.074	0.215	0.129	0.266	0.202	0.228	0.265	0.244	0.162	0.078	600
D	0.077	0.075	0.074	0.247	0.131	0.298	0.198	0.235	0.154	0.243	0.182	0.075	600
E	0.077	0.076	0.075	0.232	0.127	0.278	0.193	0.224	0.264	0.238	0.177	0.076	600
F	0.076	0.074	0.078	0.216	0.129	0.261	0.194	0.232	0.263	0.248	0.188	0.074	600
G	0.076	0.076	0.075	0.224	0.120	0.265	0.201	0.224	0.248	0.245	0.181	0.074	600
H	0.077	0.075	0.077	0.080	0.074	0.074	0.075	0.076	0.074	0.075	0.082	0.078	600



Software Version	2.00.18



Plate Number	Plate 18
Date	03/09/2022
Time	21:10:20
Reader Type:	Synergy
Reader Serial Number:	232563
Reading Type	Reader

Procedure Details

Plate Type	96 WELL PLATE
Read	Absorbance Endpoint
	Full Plate
	Wavelengths:  600
	Read Speed: Normal



Actual Temperature:	23.9

Results
	1	2	3	4	5	6	7	8	9	10	11	12
A	0.077	0.075	0.076	0.075	0.076	0.075	0.074	0.075	0.074	0.075	0.074	0.074	600
B	0.075	0.076	0.074	0.193	0.129	0.195	0.175	0.197	0.173	0.373	0.239	0.075	600
C	0.076	0.075	0.074	0.174	0.122	0.199	0.250	0.199	0.178	0.353	0.153	0.077	600
D	0.076	0.075	0.074	0.186	0.122	0.204	0.192	0.177	0.180	0.247	0.151	0.075	600
E	0.085	0.077	0.077	0.173	0.123	0.201	0.191	0.200	0.212	0.271	0.245	0.076	600
F	0.068	0.072	0.075	0.181	0.124	0.210	0.221	0.213	0.214	0.278	0.153	0.074	600
G	0.076	0.075	0.074	0.183	0.125	0.249	0.235	0.192	0.232	0.253	0.159	0.074	600
H	0.076	0.075	0.074	0.075	0.070	0.076	0.075	0.075	0.075	0.075	0.074	0.074	600



Software Version	2.00.18



Plate Number	Plate 19
Date	03/09/2022
Time	21:24:06
Reader Type:	Synergy
Reader Serial Number:	232563
Reading Type	Reader

Procedure Details

Plate Type	96 WELL PLATE
Read	Absorbance Endpoint
	Full Plate
	Wavelengths:  600
	Read Speed: Normal



Actual Temperature:	24.0

Results
	1	2	3	4	5	6	7	8	9	10	11	12
A	0.074	0.074	0.076	0.074	0.075	0.074	0.074	0.074	0.073	0.075	0.076	0.079	600
B	0.074	0.076	0.077	0.160	0.127	0.162	0.148	0.158	0.137	0.158	0.140	0.076	600
C	0.075	0.074	0.078	0.151	0.123	0.161	0.150	0.154	0.143	0.162	0.144	0.075	600
D	0.075	0.075	0.078	0.158	0.125	0.167	0.150	0.156	0.140	0.151	0.137	0.075	600
E	0.075	0.079	0.076	0.162	0.128	0.171	0.154	0.157	0.148	0.161	0.132	0.076	600
F	0.076	0.077	0.080	0.161	0.128	0.160	0.151	0.156	0.152	0.164	0.139	0.074	600
G	0.076	0.074	0.077	0.155	0.124	0.159	0.149	0.155	0.156	0.163	0.139	0.075	600
H	0.075	0.074	0.074	0.074	0.074	0.075	0.074	0.073	0.074	0.073	0.073	0.073	600



Software Version	2.00.18



Plate Number	Plate 20
Date	03/09/2022
Time	21:41:34
Reader Type:	Synergy
Reader Serial Number:	232563
Reading Type	Reader

Procedure Details

Plate Type	96 WELL PLATE
Read	Absorbance Endpoint
	Full Plate
	Wavelengths:  600
	Read Speed: Normal



Actual Temperature:	24.0

Results
	1	2	3	4	5	6	7	8	9	10	11	12
A	0.075	0.074	0.077	0.077	0.077	0.076	0.075	0.075	0.074	0.081	0.073	0.075	600
B	0.075	0.076	0.074	0.224	0.130	0.271	0.214	0.226	0.210	0.310	0.176	0.075	600
C	0.076	0.076	0.075	0.212	0.135	0.284	0.198	0.217	0.222	0.284	0.174	0.076	600
D	0.076	0.076	0.074	0.207	0.122	0.267	0.193	0.202	0.224	0.303	0.169	0.075	600
E	0.077	0.079	0.076	0.195	0.129	0.229	0.189	0.204	0.219	0.293	0.169	0.076	600
F	0.077	0.075	0.077	0.208	0.134	0.247	0.220	0.203	0.218	0.281	0.161	0.074	600
G	0.076	0.076	0.075	0.181	0.128	0.254	0.220	0.207	0.173	0.287	0.169	0.074	600
H	0.075	0.075	0.074	0.074	0.070	0.074	0.074	0.076	0.074	0.074	0.073	0.074	600



Software Version	2.00.18



Plate Number	Plate 21
Date	04/09/2022
Time	19:46:54
Reader Type:	Synergy
Reader Serial Number:	232563
Reading Type	Reader

Procedure Details

Plate Type	96 WELL PLATE
Read	Absorbance Endpoint
	Full Plate
	Wavelengths:  600
	Read Speed: Normal



Actual Temperature:	23.1

Results
	1	2	3	4	5	6	7	8	9	10	11	12
A	0.142	0.081	0.079	0.079	0.078	0.079	0.078	0.079	0.079	0.083	0.088	0.079	600
B	0.079	0.081	0.079	0.263	0.125	0.526	0.278	0.307	0.389	0.648	0.229	0.079	600
C	0.080	0.080	0.079	0.252	0.126	0.559	0.283	0.287	0.394	0.648	0.236	0.080	600
D	0.083	0.082	0.079	0.255	0.131	0.581	0.288	0.297	0.451	0.553	0.266	0.078	600
E	0.084	0.083	0.090	0.267	0.127	0.536	0.267	0.294	0.521	0.565	0.238	0.080	600
F	0.082	0.080	0.078	0.398	0.128	0.560	0.264	0.357	0.451	0.674	0.283	0.078	600
G	0.081	0.080	0.080	0.290	0.124	0.648	0.305	0.457	0.440	0.587	0.212	0.079	600
H	0.080	0.081	0.078	0.080	0.079	0.078	0.079	0.077	0.077	0.077	0.076	0.077	600



Software Version	2.00.18



Plate Number	Plate 22
Date	04/09/2022
Time	19:49:42
Reader Type:	Synergy
Reader Serial Number:	232563
Reading Type	Reader

Procedure Details

Plate Type	96 WELL PLATE
Read	Absorbance Endpoint
	Full Plate
	Wavelengths:  600
	Read Speed: Normal



Actual Temperature:	23.2

Results
	1	2	3	4	5	6	7	8	9	10	11	12
A	0.085	0.087	0.084	0.085	0.083	0.094	0.084	0.084	0.084	0.082	0.081	0.085	600
B	0.086	0.085	0.083	0.306	0.134	0.318	0.226	0.271	0.346	0.302	0.199	0.085	600
C	0.085	0.087	0.087	0.244	0.132	0.315	0.228	0.266	0.304	0.308	0.183	0.085	600
D	0.089	0.085	0.086	0.283	0.134	0.322	0.220	0.277	0.169	0.316	0.203	0.086	600
E	0.085	0.085	0.086	0.265	0.131	0.303	0.221	0.268	0.309	0.306	0.203	0.086	600
F	0.083	0.083	0.089	0.266	0.142	0.309	0.222	0.276	0.307	0.347	0.238	0.085	600
G	0.087	0.085	0.085	0.280	0.128	0.321	0.247	0.286	0.304	0.351	0.230	0.086	600
H	0.089	0.086	0.091	0.099	0.087	0.087	0.088	0.088	0.087	0.090	0.096	0.091	600



Software Version	2.00.18



Plate Number	Plate 23
Date	04/09/2022
Time	19:51:57
Reader Type:	Synergy
Reader Serial Number:	232563
Reading Type	Reader

Procedure Details

Plate Type	96 WELL PLATE
Read	Absorbance Endpoint
	Full Plate
	Wavelengths:  600
	Read Speed: Normal



Actual Temperature:	23.2

Results
	1	2	3	4	5	6	7	8	9	10	11	12
A	0.080	0.078	0.083	0.090	0.110	0.126	0.130	0.109	0.078	0.078	0.078	0.078	600
B	0.126	0.136	0.123	0.222	0.128	0.226	0.201	0.224	0.217	0.416	0.268	0.077	600
C	0.127	0.141	0.125	0.190	0.123	0.229	0.300	0.229	0.219	0.376	0.178	0.124	600
D	0.124	0.137	0.132	0.211	0.124	0.233	0.221	0.213	0.205	0.271	0.172	0.120	600
E	0.129	0.133	0.128	0.199	0.124	0.226	0.224	0.235	0.235	0.291	0.341	0.119	600
F	0.109	0.131	0.128	0.209	0.124	0.243	0.267	0.247	0.235	0.302	0.191	0.084	600
G	0.113	0.131	0.119	0.212	0.125	0.282	0.268	0.230	0.261	0.294	0.188	0.077	600
H	0.079	0.078	0.077	0.076	0.071	0.076	0.079	0.078	0.078	0.080	0.077	0.077	600



Software Version	2.00.18



Plate Number	Plate 24
Date	04/09/2022
Time	19:54:46
Reader Type:	Synergy
Reader Serial Number:	232563
Reading Type	Reader

Procedure Details

Plate Type	96 WELL PLATE
Read	Absorbance Endpoint
	Full Plate
	Wavelengths:  600
	Read Speed: Normal



Actual Temperature:	23.3

Results
	1	2	3	4	5	6	7	8	9	10	11	12
A	0.079	0.079	0.079	0.080	0.080	0.082	0.079	0.079	0.078	0.082	0.080	0.082	600
B	0.079	0.081	0.084	0.189	0.140	0.197	0.178	0.186	0.158	0.180	0.155	0.079	600
C	0.082	0.080	0.081	0.171	0.143	0.187	0.176	0.177	0.161	0.186	0.161	0.081	600
D	0.081	0.082	0.082	0.187	0.146	0.202	0.184	0.180	0.158	0.178	0.159	0.081	600
E	0.083	0.087	0.081	0.190	0.142	0.206	0.187	0.179	0.167	0.175	0.147	0.082	600
F	0.084	0.087	0.085	0.189	0.148	0.195	0.187	0.185	0.188	0.199	0.162	0.083	600
G	0.087	0.085	0.085	0.181	0.138	0.188	0.180	0.180	0.196	0.180	0.150	0.082	600
H	0.087	0.085	0.084	0.083	0.084	0.086	0.085	0.087	0.084	0.083	0.084	0.084	600



Software Version	2.00.18



Plate Number	Plate 25
Date	04/09/2022
Time	19:56:11
Reader Type:	Synergy
Reader Serial Number:	232563
Reading Type	Reader

Procedure Details

Plate Type	96 WELL PLATE
Read	Absorbance Endpoint
	Full Plate
	Wavelengths:  600
	Read Speed: Normal



Actual Temperature:	23.3

Results
	1	2	3	4	5	6	7	8	9	10	11	12
A	0.079	0.079	0.082	0.082	0.081	0.082	0.079	0.079	0.079	0.086	0.077	0.078	600
B	0.080	0.079	0.078	0.250	0.132	0.322	0.244	0.267	0.228	0.350	0.202	0.078	600
C	0.080	0.081	0.081	0.236	0.138	0.322	0.223	0.256	0.241	0.320	0.197	0.079	600
D	0.080	0.082	0.080	0.228	0.124	0.303	0.220	0.236	0.255	0.339	0.189	0.078	600
E	0.081	0.087	0.080	0.220	0.130	0.268	0.219	0.245	0.246	0.321	0.194	0.082	600
F	0.080	0.081	0.082	0.241	0.133	0.295	0.261	0.245	0.244	0.315	0.185	0.078	600
G	0.079	0.082	0.081	0.209	0.134	0.303	0.274	0.253	0.197	0.332	0.195	0.080	600
H	0.081	0.080	0.087	0.080	0.075	0.080	0.082	0.086	0.081	0.081	0.078	0.078	600



Software Version	2.00.18



Plate Number	Plate 26
Date	05/09/2022
Time	19:40:05
Reader Type:	Synergy
Reader Serial Number:	232563
Reading Type	Reader

Procedure Details

Plate Type	96 WELL PLATE
Read	Absorbance Endpoint
	Full Plate
	Wavelengths:  600
	Read Speed: Normal



Actual Temperature:	23.9

Results
	1	2	3	4	5	6	7	8	9	10	11	12
A	0.090	0.140	0.124	0.090	0.081	0.083	0.080	0.085	0.083	0.086	0.086	0.105	600
B	0.084	0.085	0.097	0.264	0.128	0.598	0.279	0.308	0.420	0.715	0.255	0.084	600
C	0.082	0.084	0.084	0.261	0.132	0.608	0.302	0.302	0.412	0.702	0.232	0.084	600
D	0.085	0.083	0.083	0.259	0.137	0.573	0.303	0.309	0.470	0.570	0.261	0.082	600
E	0.086	0.082	0.091	0.268	0.137	0.609	0.281	0.312	0.562	0.561	0.258	0.085	600
F	0.096	0.081	0.080	0.402	0.130	0.642	0.281	0.354	0.477	0.747	0.283	0.081	600
G	0.083	0.081	0.083	0.295	0.128	0.686	0.334	0.465	0.495	0.677	0.240	0.082	600
H	0.083	0.080	0.079	0.082	0.081	0.081	0.081	0.080	0.080	0.082	0.080	0.079	600



Software Version	2.00.18



Plate Number	Plate 27
Date	05/09/2022
Time	19:42:32
Reader Type:	Synergy
Reader Serial Number:	232563
Reading Type	Reader

Procedure Details

Plate Type	96 WELL PLATE
Read	Absorbance Endpoint
	Full Plate
	Wavelengths:  600
	Read Speed: Normal



Actual Temperature:	23.9

Results
	1	2	3	4	5	6	7	8	9	10	11	12
A	0.082	0.085	0.082	0.082	0.081	0.091	0.083	0.082	0.086	0.083	0.082	0.083	600
B	0.083	0.083	0.084	0.293	0.127	0.308	0.212	0.251	0.325	0.288	0.175	0.082	600
C	0.086	0.083	0.084	0.223	0.127	0.301	0.220	0.246	0.297	0.282	0.162	0.090	600
D	0.085	0.083	0.084	0.264	0.126	0.305	0.204	0.256	0.185	0.299	0.174	0.085	600
E	0.085	0.086	0.084	0.242	0.125	0.280	0.201	0.246	0.300	0.286	0.175	0.087	600
F	0.086	0.085	0.089	0.247	0.138	0.291	0.206	0.253	0.302	0.315	0.198	0.087	600
G	0.087	0.087	0.088	0.258	0.122	0.301	0.224	0.254	0.297	0.317	0.190	0.086	600
H	0.084	0.084	0.090	0.089	0.085	0.087	0.090	0.092	0.087	0.090	0.099	0.088	600



Software Version	2.00.18



Plate Number	Plate 28
Date	05/09/2022
Time	19:44:25
Reader Type:	Synergy
Reader Serial Number:	232563
Reading Type	Reader

Procedure Details

Plate Type	96 WELL PLATE
Read	Absorbance Endpoint
	Full Plate
	Wavelengths:  600
	Read Speed: Normal



Actual Temperature:	23.9

Results
	1	2	3	4	5	6	7	8	9	10	11	12
A	0.081	0.079	0.084	0.081	0.081	0.113	0.104	0.080	0.080	0.080	0.080	0.081	600
B	0.147	0.149	0.132	0.211	0.123	0.220	0.199	0.212	0.206	0.437	0.251	0.080	600
C	0.152	0.162	0.135	0.181	0.130	0.219	0.312	0.219	0.210	0.389	0.168	0.087	600
D	0.138	0.146	0.147	0.201	0.129	0.220	0.208	0.205	0.202	0.265	0.166	0.111	600
E	0.140	0.151	0.133	0.194	0.130	0.218	0.210	0.222	0.237	0.286	0.354	0.107	600
F	0.112	0.143	0.139	0.204	0.125	0.238	0.256	0.234	0.236	0.300	0.183	0.081	600
G	0.101	0.147	0.115	0.201	0.124	0.274	0.255	0.218	0.261	0.294	0.178	0.081	600
H	0.081	0.079	0.080	0.079	0.073	0.079	0.082	0.082	0.081	0.083	0.081	0.080	600



Software Version	2.00.18



Plate Number	Plate 29
Date	05/09/2022
Time	19:46:40
Reader Type:	Synergy
Reader Serial Number:	232563
Reading Type	Reader

Procedure Details

Plate Type	96 WELL PLATE
Read	Absorbance Endpoint
	Full Plate
	Wavelengths:  600
	Read Speed: Normal



Actual Temperature:	24.0

Results
	1	2	3	4	5	6	7	8	9	10	11	12
A	0.078	0.079	0.078	0.079	0.082	0.082	0.080	0.081	0.080	0.082	0.082	0.083	600
B	0.081	0.082	0.083	0.182	0.138	0.186	0.157	0.175	0.149	0.176	0.149	0.082	600
C	0.082	0.081	0.085	0.169	0.128	0.180	0.163	0.175	0.159	0.181	0.154	0.083	600
D	0.082	0.083	0.084	0.177	0.133	0.189	0.165	0.176	0.154	0.175	0.152	0.084	600
E	0.085	0.088	0.085	0.184	0.131	0.194	0.168	0.175	0.167	0.178	0.144	0.085	600
F	0.086	0.087	0.087	0.184	0.134	0.184	0.169	0.178	0.176	0.192	0.157	0.084	600
G	0.088	0.086	0.087	0.181	0.133	0.184	0.164	0.176	0.177	0.182	0.151	0.085	600
H	0.086	0.085	0.085	0.084	0.084	0.087	0.085	0.087	0.084	0.085	0.084	0.083	600



Software Version	2.00.18



Plate Number	Plate 30
Date	05/09/2022
Time	19:50:27
Reader Type:	Synergy
Reader Serial Number:	232563
Reading Type	Reader

Procedure Details

Plate Type	96 WELL PLATE
Read	Absorbance Endpoint
	Full Plate
	Wavelengths:  600
	Read Speed: Normal



Actual Temperature:	24.1

Results
	1	2	3	4	5	6	7	8	9	10	11	12
A	0.089	0.092	0.096	0.094	0.093	0.095	0.093	0.093	0.091	0.098	0.089	0.091	600
B	0.095	0.091	0.094	0.252	0.143	0.353	0.252	0.277	0.237	0.410	0.239	0.091	600
C	0.093	0.094	0.097	0.242	0.140	0.355	0.233	0.265	0.268	0.364	0.222	0.095	600
D	0.092	0.097	0.096	0.233	0.133	0.337	0.231	0.241	0.282	0.397	0.207	0.090	600
E	0.108	0.095	0.098	0.228	0.139	0.287	0.235	0.257	0.269	0.361	0.222	0.094	600
F	0.112	0.095	0.097	0.250	0.137	0.330	0.272	0.257	0.274	0.371	0.216	0.091	600
G	0.094	0.095	0.092	0.224	0.146	0.340	0.308	0.271	0.205	0.399	0.223	0.093	600
H	0.146	0.091	0.095	0.095	0.091	0.090	0.096	0.098	0.091	0.093	0.090	0.088	600



Software Version	2.00.18



Plate Number	Plate 31
Date	05/09/2022
Time	20:28:34
Reader Type:	Synergy
Reader Serial Number:	232563
Reading Type	Reader

Procedure Details

Plate Type	96 WELL PLATE
Read	Absorbance Endpoint
	Full Plate
	Wavelengths:  600
	Read Speed: Normal



Actual Temperature:	24.6

Results
	1	2	3	4	5	6	7	8	9	10	11	12
A	0.077	0.073	0.075	0.075	0.076	0.075	0.075	0.075	0.076	0.076	0.077	0.080	600
B	0.077	0.076	0.073	0.207	0.132	0.454	0.204	0.223	0.307	0.485	0.195	0.074	600
C	0.076	0.075	0.074	0.201	0.132	0.489	0.200	0.212	0.312	0.480	0.177	0.076	600
D	0.076	0.075	0.074	0.210	0.128	0.434	0.210	0.213	0.381	0.498	0.200	0.074	600
E	0.077	0.075	0.074	0.209	0.130	0.445	0.201	0.208	0.429	0.504	0.186	0.077	600
F	0.077	0.074	0.074	0.327	0.131	0.435	0.191	0.246	0.378	0.472	0.201	0.074	600
G	0.075	0.075	0.073	0.202	0.132	0.434	0.214	0.394	0.381	0.443	0.175	0.075	600
H	0.075	0.074	0.073	0.075	0.075	0.074	0.074	0.075	0.075	0.074	0.072	0.074	600



Software Version	2.00.18



Plate Number	Plate 32
Date	05/09/2022
Time	20:41:45
Reader Type:	Synergy
Reader Serial Number:	232563
Reading Type	Reader

Procedure Details

Plate Type	96 WELL PLATE
Read	Absorbance Endpoint
	Full Plate
	Wavelengths:  600
	Read Speed: Normal



Actual Temperature:	24.5

Results
	1	2	3	4	5	6	7	8	9	10	11	12
A	0.071	0.075	0.075	0.076	0.075	0.076	0.349	0.075	0.075	0.075	0.077	0.077	600
B	0.075	0.077	0.076	0.239	0.131	0.267	0.192	0.228	0.278	0.235	0.174	0.075	600
C	0.353	0.077	0.076	0.182	0.128	0.241	0.191	0.220	0.238	0.222	0.153	0.075	600
D	0.077	0.079	0.076	0.216	0.128	0.271	0.186	0.230	0.167	0.231	0.166	0.074	600
E	0.076	0.092	0.081	0.212	0.135	0.253	0.178	0.213	0.247	0.232	0.166	0.075	600
F	0.080	0.079	0.083	0.206	0.130	0.243	0.178	0.212	0.244	0.239	0.146	0.074	600
G	0.076	0.078	0.080	0.212	0.132	0.251	0.185	0.211	0.240	0.241	0.170	0.075	600
H	0.077	0.077	0.075	0.078	0.079	0.078	0.076	0.074	0.074	0.074	0.074	0.073	600



Software Version	2.00.18



Plate Number	Plate 33
Date	05/09/2022
Time	20:58:29
Reader Type:	Synergy
Reader Serial Number:	232563
Reading Type	Reader

Procedure Details

Plate Type	96 WELL PLATE
Read	Absorbance Endpoint
	Full Plate
	Wavelengths:  600
	Read Speed: Normal



Actual Temperature:	24.5

Results
	1	2	3	4	5	6	7	8	9	10	11	12
A	0.079	0.074	0.076	0.075	0.091	0.248	0.075	0.074	0.074	0.075	0.074	0.074	600
B	0.076	0.076	0.075	0.199	0.123	0.194	0.175	0.199	0.183	0.385	0.221	0.074	600
C	0.077	0.076	0.075	0.180	0.126	0.201	0.291	0.201	0.178	0.349	0.144	0.076	600
D	0.075	0.075	0.075	0.180	0.129	0.208	0.194	0.186	0.186	0.252	0.158	0.074	600
E	0.076	0.076	0.076	0.184	0.127	0.214	0.198	0.204	0.213	0.263	0.297	0.076	600
F	0.076	0.075	0.097	0.183	0.121	0.211	0.221	0.209	0.206	0.269	0.152	0.075	600
G	0.075	0.076	0.075	0.181	0.122	0.245	0.229	0.195	0.229	0.285	0.158	0.075	600
H	0.075	0.077	0.080	0.075	0.075	0.074	0.075	0.075	0.084	0.075	0.083	0.073	600



Software Version	2.00.18



Plate Number	Plate 34
Date	05/09/2022
Time	21:12:26
Reader Type:	Synergy
Reader Serial Number:	232563
Reading Type	Reader

Procedure Details

Plate Type	96 WELL PLATE
Read	Absorbance Endpoint
	Full Plate
	Wavelengths:  600
	Read Speed: Normal



Actual Temperature:	24.5

Results
	1	2	3	4	5	6	7	8	9	10	11	12
A	0.075	0.077	0.073	0.077	0.074	0.077	0.073	0.073	0.073	0.074	0.074	0.074	600
B	0.073	0.076	0.075	0.161	0.122	0.166	0.153	0.158	0.139	0.156	0.133	0.074	600
C	0.075	0.075	0.075	0.154	0.125	0.162	0.153	0.160	0.146	0.161	0.139	0.075	600
D	0.074	0.075	0.075	0.163	0.124	0.168	0.150	0.157	0.139	0.155	0.140	0.074	600
E	0.076	0.076	0.075	0.163	0.126	0.171	0.154	0.160	0.154	0.162	0.133	0.076	600
F	0.076	0.074	0.075	0.163	0.125	0.164	0.151	0.155	0.146	0.158	0.135	0.074	600
G	0.075	0.075	0.074	0.155	0.122	0.159	0.147	0.153	0.149	0.159	0.132	0.075	600
H	0.075	0.074	0.073	0.077	0.235	0.291	0.078	0.077	0.073	0.073	0.073	0.073	600



Software Version	2.00.18



Plate Number	Plate 35
Date	05/09/2022
Time	21:27:28
Reader Type:	Synergy
Reader Serial Number:	232563
Reading Type	Reader

Procedure Details

Plate Type	96 WELL PLATE
Read	Absorbance Endpoint
	Full Plate
	Wavelengths:  600
	Read Speed: Normal



Actual Temperature:	24.6

Results
	1	2	3	4	5	6	7	8	9	10	11	12
A	0.077	0.074	0.076	0.078	0.077	0.077	0.077	0.076	0.073	0.074	0.073	0.075	600
B	0.076	0.075	0.073	0.214	0.125	0.269	0.205	0.223	0.203	0.289	0.175	0.075	600
C	0.080	0.075	0.075	0.215	0.123	0.274	0.188	0.210	0.211	0.275	0.170	0.076	600
D	0.078	0.075	0.074	0.203	0.127	0.260	0.190	0.199	0.229	0.284	0.161	0.074	600
E	0.077	0.079	0.077	0.191	0.127	0.226	0.187	0.211	0.229	0.281	0.168	0.076	600
F	0.077	0.074	0.076	0.201	0.128	0.243	0.214	0.206	0.226	0.273	0.157	0.075	600
G	0.079	0.075	0.075	0.175	0.123	0.240	0.211	0.205	0.175	0.283	0.165	0.074	600
H	0.075	0.075	0.075	0.075	0.075	0.075	0.075	0.075	0.073	0.075	0.073	0.073	600



Software Version	2.00.18



Plate Number	Plate 36
Date	06/09/2022
Time	19:44:21
Reader Type:	Synergy
Reader Serial Number:	232563
Reading Type	Reader

Procedure Details

Plate Type	96 WELL PLATE
Read	Absorbance Endpoint
	Full Plate
	Wavelengths:  600
	Read Speed: Normal



Actual Temperature:	24.0

Results
	1	2	3	4	5	6	7	8	9	10	11	12
A	0.084	0.099	0.106	0.116	0.115	0.128	0.122	0.121	0.121	0.103	0.072	0.225	600
B	0.112	0.143	0.154	0.243	0.125	0.535	0.246	0.275	0.382	0.618	0.233	0.081	600
C	0.113	0.125	0.153	0.236	0.131	0.549	0.265	0.260	0.393	0.602	0.204	0.082	600
D	0.090	0.117	0.137	0.247	0.129	0.519	0.261	0.274	0.444	0.546	0.235	0.079	600
E	0.080	0.090	0.128	0.251	0.128	0.512	0.247	0.268	0.519	0.537	0.233	0.082	600
F	0.079	0.079	0.092	0.389	0.131	0.529	0.239	0.330	0.436	0.581	0.256	0.078	600
G	0.116	0.085	0.089	0.262	0.131	0.538	0.271	0.464	0.455	0.615	0.221	0.081	600
H	0.078	0.078	0.078	0.077	0.079	0.078	0.078	0.080	0.081	0.079	0.078	0.085	600



Software Version	2.00.18



Plate Number	Plate 37
Date	06/09/2022
Time	19:46:16
Reader Type:	Synergy
Reader Serial Number:	232563
Reading Type	Reader

Procedure Details

Plate Type	96 WELL PLATE
Read	Absorbance Endpoint
	Full Plate
	Wavelengths:  600
	Read Speed: Normal



Actual Temperature:	24.0

Results
	1	2	3	4	5	6	7	8	9	10	11	12
A	0.079	0.079	0.079	0.078	0.079	0.080	0.181	0.080	0.081	0.080	0.081	0.080	600
B	0.080	0.083	0.080	0.288	0.132	0.316	0.215	0.264	0.329	0.282	0.189	0.080	600
C	0.402	0.082	0.082	0.212	0.131	0.289	0.215	0.255	0.280	0.271	0.168	0.084	600
D	0.082	0.085	0.081	0.262	0.132	0.316	0.211	0.267	0.190	0.286	0.182	0.082	600
E	0.080	0.099	0.087	0.252	0.138	0.310	0.203	0.254	0.292	0.285	0.185	0.085	600
F	0.085	0.084	0.091	0.267	0.136	0.304	0.209	0.259	0.293	0.329	0.199	0.082	600
G	0.085	0.085	0.087	0.283	0.137	0.318	0.223	0.264	0.290	0.315	0.197	0.083	600
H	0.086	0.083	0.083	0.085	0.083	0.086	0.087	0.085	0.084	0.085	0.083	0.081	600



Software Version	2.00.18



Plate Number	Plate 38
Date	06/09/2022
Time	19:49:24
Reader Type:	Synergy
Reader Serial Number:	232563
Reading Type	Reader

Procedure Details

Plate Type	96 WELL PLATE
Read	Absorbance Endpoint
	Full Plate
	Wavelengths:  600
	Read Speed: Normal



Actual Temperature:	24.0

Results
	1	2	3	4	5	6	7	8	9	10	11	12
A	0.079	0.077	0.079	0.078	0.120	0.337	0.120	0.102	0.094	0.077	0.076	0.077	600
B	0.112	0.108	0.115	0.218	0.122	0.214	0.194	0.219	0.225	0.408	0.240	0.081	600
C	0.120	0.128	0.126	0.198	0.127	0.222	0.308	0.225	0.213	0.344	0.162	0.117	600
D	0.114	0.131	0.113	0.200	0.129	0.230	0.221	0.214	0.197	0.267	0.173	0.120	600
E	0.104	0.117	0.126	0.203	0.128	0.233	0.223	0.231	0.236	0.278	0.398	0.102	600
F	0.092	0.113	0.126	0.207	0.123	0.236	0.260	0.240	0.225	0.286	0.172	0.078	600
G	0.088	0.107	0.100	0.207	0.123	0.271	0.256	0.225	0.253	0.281	0.178	0.080	600
H	0.077	0.077	0.082	0.077	0.077	0.094	0.091	0.078	0.087	0.079	0.087	0.076	600



Software Version	2.00.18



Plate Number	Plate 39
Date	06/09/2022
Time	19:51:08
Reader Type:	Synergy
Reader Serial Number:	232563
Reading Type	Reader

Procedure Details

Plate Type	96 WELL PLATE
Read	Absorbance Endpoint
	Full Plate
	Wavelengths:  600
	Read Speed: Normal



Actual Temperature:	24.1

Results
	1	2	3	4	5	6	7	8	9	10	11	12
A	0.081	0.082	0.079	0.082	0.077	0.083	0.076	0.078	0.076	0.077	0.078	0.078	600
B	0.078	0.080	0.081	0.168	0.124	0.179	0.161	0.168	0.143	0.166	0.140	0.078	600
C	0.079	0.080	0.082	0.163	0.125	0.174	0.163	0.170	0.154	0.175	0.148	0.081	600
D	0.080	0.081	0.081	0.175	0.126	0.185	0.166	0.170	0.149	0.167	0.148	0.078	600
E	0.082	0.084	0.081	0.180	0.126	0.190	0.172	0.174	0.164	0.175	0.147	0.082	600
F	0.083	0.081	0.081	0.184	0.125	0.182	0.173	0.173	0.170	0.189	0.152	0.079	600
G	0.085	0.083	0.083	0.175	0.124	0.178	0.172	0.171	0.183	0.179	0.145	0.081	600
H	0.086	0.086	0.082	0.085	0.247	0.297	0.087	0.088	0.082	0.082	0.088	0.079	600



Software Version	2.00.18



Plate Number	Plate 40
Date	06/09/2022
Time	19:53:09
Reader Type:	Synergy
Reader Serial Number:	232563
Reading Type	Reader

Procedure Details

Plate Type	96 WELL PLATE
Read	Absorbance Endpoint
	Full Plate
	Wavelengths:  600
	Read Speed: Normal



Actual Temperature:	24.2

Results
	1	2	3	4	5	6	7	8	9	10	11	12
A	0.079	0.077	0.080	0.086	0.082	0.086	0.087	0.079	0.079	0.080	0.079	0.080	600
B	0.080	0.078	0.076	0.243	0.128	0.322	0.234	0.264	0.225	0.342	0.199	0.078	600
C	0.084	0.079	0.078	0.244	0.124	0.326	0.213	0.251	0.248	0.319	0.192	0.081	600
D	0.081	0.078	0.077	0.227	0.129	0.309	0.217	0.232	0.267	0.351	0.182	0.077	600
E	0.083	0.084	0.081	0.219	0.129	0.263	0.217	0.250	0.262	0.324	0.194	0.082	600
F	0.081	0.079	0.081	0.232	0.130	0.300	0.249	0.247	0.261	0.329	0.187	0.079	600
G	0.086	0.081	0.082	0.204	0.125	0.301	0.259	0.247	0.189	0.350	0.195	0.080	600
H	0.083	0.082	0.082	0.082	0.082	0.081	0.081	0.081	0.080	0.084	0.079	0.078	600



Software Version	2.00.18



Plate Number	Plate 41
Date	07/09/2022
Time	20:00:55
Reader Type:	Synergy
Reader Serial Number:	232563
Reading Type	Reader

Procedure Details

Plate Type	96 WELL PLATE
Read	Absorbance Endpoint
	Full Plate
	Wavelengths:  600
	Read Speed: Normal



Actual Temperature:	23.5

Results
	1	2	3	4	5	6	7	8	9	10	11	12
A	0.200	0.078	0.116	0.118	0.130	0.148	0.151	0.143	0.139	0.089	0.103	0.205	600
B	0.111	0.144	0.133	0.225	0.138	0.546	0.247	0.258	0.398	0.632	0.229	0.101	600
C	0.088	0.121	0.128	0.222	0.140	0.575	0.266	0.248	0.413	0.605	0.207	0.086	600
D	0.083	0.098	0.104	0.229	0.137	0.525	0.264	0.257	0.457	0.526	0.233	0.084	600
E	0.088	0.082	0.096	0.232	0.137	0.540	0.257	0.261	0.516	0.545	0.227	0.085	600
F	0.084	0.080	0.084	0.376	0.140	0.544	0.237	0.314	0.458	0.644	0.242	0.080	600
G	0.081	0.082	0.097	0.242	0.136	0.554	0.272	0.448	0.486	0.634	0.219	0.084	600
H	0.080	0.080	0.090	0.091	0.096	0.087	0.083	0.084	0.082	0.081	0.087	0.083	600



Software Version	2.00.18



Plate Number	Plate 42
Date	07/09/2022
Time	20:03:26
Reader Type:	Synergy
Reader Serial Number:	232563
Reading Type	Reader

Procedure Details

Plate Type	96 WELL PLATE
Read	Absorbance Endpoint
	Full Plate
	Wavelengths:  600
	Read Speed: Normal



Actual Temperature:	23.6

Results
	1	2	3	4	5	6	7	8	9	10	11	12
A	0.080	0.080	0.082	0.083	0.085	0.087	0.092	0.086	0.087	0.087	0.086	0.084	600
B	0.081	0.085	0.083	0.291	0.132	0.318	0.212	0.260	0.321	0.286	0.182	0.085	600
C	0.394	0.083	0.087	0.211	0.131	0.290	0.213	0.250	0.279	0.275	0.161	0.091	600
D	0.081	0.086	0.084	0.261	0.132	0.315	0.206	0.263	0.196	0.286	0.171	0.087	600
E	0.082	0.103	0.091	0.247	0.137	0.309	0.199	0.249	0.291	0.281	0.175	0.092	600
F	0.087	0.087	0.095	0.272	0.139	0.305	0.205	0.254	0.298	0.326	0.188	0.087	600
G	0.088	0.087	0.094	0.284	0.138	0.317	0.217	0.257	0.292	0.312	0.186	0.089	600
H	0.088	0.087	0.087	0.090	0.090	0.093	0.092	0.095	0.094	0.094	0.088	0.086	600



Software Version	2.00.18



Plate Number	Plate 43
Date	07/09/2022
Time	20:05:29
Reader Type:	Synergy
Reader Serial Number:	232563
Reading Type	Reader

Procedure Details

Plate Type	96 WELL PLATE
Read	Absorbance Endpoint
	Full Plate
	Wavelengths:  600
	Read Speed: Normal



Actual Temperature:	23.6

Results
	1	2	3	4	5	6	7	8	9	10	11	12
A	0.081	0.079	0.081	0.081	0.115	0.315	0.108	0.080	0.079	0.079	0.079	0.080	600
B	0.082	0.110	0.112	0.207	0.123	0.205	0.189	0.205	0.213	0.424	0.224	0.080	600
C	0.123	0.135	0.129	0.190	0.128	0.212	0.301	0.211	0.217	0.337	0.160	0.103	600
D	0.120	0.139	0.118	0.190	0.130	0.219	0.203	0.197	0.197	0.253	0.167	0.126	600
E	0.108	0.126	0.132	0.192	0.129	0.219	0.206	0.214	0.239	0.262	0.400	0.108	600
F	0.082	0.121	0.129	0.195	0.123	0.228	0.239	0.221	0.225	0.275	0.166	0.082	600
G	0.080	0.110	0.092	0.191	0.124	0.256	0.237	0.206	0.255	0.270	0.170	0.082	600
H	0.079	0.080	0.085	0.080	0.081	0.081	0.082	0.084	0.092	0.083	0.091	0.080	600



Software Version	2.00.18



Plate Number	Plate 44
Date	07/09/2022
Time	20:07:45
Reader Type:	Synergy
Reader Serial Number:	232563
Reading Type	Reader

Procedure Details

Plate Type	96 WELL PLATE
Read	Absorbance Endpoint
	Full Plate
	Wavelengths:  600
	Read Speed: Normal



Actual Temperature:	23.7

Results
	1	2	3	4	5	6	7	8	9	10	11	12
A	0.084	0.083	0.081	0.089	0.081	0.090	0.078	0.081	0.080	0.080	0.079	0.079	600
B	0.082	0.083	0.083	0.172	0.126	0.183	0.156	0.171	0.146	0.169	0.142	0.082	600
C	0.082	0.084	0.085	0.166	0.129	0.177	0.160	0.172	0.157	0.179	0.149	0.086	600
D	0.083	0.084	0.083	0.176	0.129	0.188	0.160	0.172	0.152	0.170	0.151	0.081	600
E	0.082	0.087	0.084	0.182	0.130	0.193	0.164	0.176	0.166	0.179	0.148	0.086	600
F	0.082	0.084	0.084	0.184	0.130	0.184	0.166	0.174	0.169	0.192	0.153	0.083	600
G	0.087	0.087	0.086	0.179	0.128	0.182	0.164	0.174	0.175	0.183	0.147	0.083	600
H	0.088	0.089	0.087	0.090	0.268	0.324	0.093	0.093	0.087	0.084	0.092	0.081	600



Software Version	2.00.18



Plate Number	Plate 45
Date	07/09/2022
Time	20:09:39
Reader Type:	Synergy
Reader Serial Number:	232563
Reading Type	Reader

Procedure Details

Plate Type	96 WELL PLATE
Read	Absorbance Endpoint
	Full Plate
	Wavelengths:  600
	Read Speed: Normal



Actual Temperature:	23.8

Results
	1	2	3	4	5	6	7	8	9	10	11	12
A	0.082	0.079	0.084	0.094	0.091	0.093	0.095	0.085	0.087	0.085	0.085	0.081	600
B	0.082	0.083	0.082	0.242	0.129	0.333	0.233	0.258	0.234	0.379	0.206	0.088	600
C	0.085	0.086	0.087	0.247	0.126	0.347	0.211	0.247	0.264	0.353	0.198	0.093	600
D	0.086	0.085	0.086	0.237	0.132	0.330	0.214	0.231	0.294	0.397	0.189	0.088	600
E	0.089	0.090	0.092	0.221	0.132	0.266	0.216	0.247	0.279	0.353	0.202	0.093	600
F	0.083	0.085	0.090	0.234	0.131	0.315	0.246	0.242	0.281	0.363	0.196	0.088	600
G	0.087	0.088	0.088	0.204	0.128	0.314	0.256	0.241	0.196	0.388	0.201	0.091	600
H	0.088	0.086	0.088	0.090	0.091	0.089	0.088	0.088	0.089	0.091	0.089	0.086	600

